6 6 25
6 6 25
6 6 25
6 19 25
6 19 25
6 19 25
6 32 25
6 32 25
6 32 25
6 45 25
6 45 25
6 45 25
6 58 25
6 58 25
6 58 25
6 71 25
6 71 25
6 71 25
6 84 25
6 84 25
6 84 25
6 97 25
6 97 25
6 97 25
6 110 25
6 110 25
6 110 25
6 123 25
6 123 25
6 123 25
6 136 25
6 136 25
6 136 25
6 149 25
6 162 25
6 162 25
6 162 25
6 175 25
6 175 25
6 175 25
6 188 25
6 188 25
6 188 25
19 6 25
19 6 25
19 6 25
19 19 25
19 19 25
19 19 25
19 32 25
19 32 25
19 32 25
19 45 25
19 45 25
19 45 25
19 58 25
19 58 25
19 58 25
19 71 25
19 71 25
19 71 25
19 84 25
19 84 25
19 84 25
19 97 25
19 97 25
19 110 25
19 110 25
19 110 25
19 123 25
19 123 25
19 123 25
19 136 25
19 136 25
19 136 25
19 149 25
19 149 25
19 162 25
19 162 25
19 162 25
19 175 25
19 175 25
19 175 25
19 188 25
19 188 25
19 188 25
32 6 25
32 6 25
32 6 25
32 19 25
32 19 25
32 19 25
32 32 25
32 32 25
32 32 25
32 45 25
32 45 25
32 45 25
32 58 25
32 58 25
32 58 25
32 71 25
32 71 25
32 71 25
32 84 25
32 84 25
32 84 25
32 97 25
32 97 25
32 97 25
32 110 25
32 110 25
32 110 25
32 123 25
32 123 25
32 123 25
32 136 25
32 136 25
32 136 25
32 149 25
32 149 25
32 149 25
32 162 25
32 162 25
32 162 25
32 175 25
32 175 25
32 175 25
32 188 25
32 188 25
45 6 25
45 6 25
45 6 25
45 19 25
45 19 25
45 19 25
45 32 25
45 32 25
45 45 25
45 45 25
45 45 25
45 58 25
45 58 25
45 58 25
45 71 25
45 71 25
45 71 25
45 84 25
45 84 25
45 97 25
45 110 25
45 110 25
45 110 25
45 123 25
45 123 25
45 123 25
45 136 25
45 136 25
45 136 25
45 149 25
45 149 25
45 149 25
45 162 25
45 162 25
45 162 25
45 175 25
45 175 25
45 175 25
45 188 25
45 188 25
45 188 25
58 6 25
58 6 25
58 6 25
58 19 25
58 19 25
58 19 25
58 32 25
58 45 25
58 45 25
58 45 25
58 58 25
58 58 25
58 58 25
58 71 25
58 84 25
58 84 25
58 97 25
58 97 25
58 97 25
58 110 25
58 110 25
58 110 25
58 123 25
58 123 25
58 123 25
58 136 25
58 136 25
58 136 25
58 149 25
58 149 25
58 162 25
58 162 25
58 162 25
58 175 25
58 175 25
58 175 25
58 188 25
58 188 25
58 188 25
71 6 25
71 6 25
71 6 25
71 19 25
71 19 25
71 19 25
71 32 25
71 32 25
71 32 25
71 45 25
71 45 25
71 45 25
71 58 25
71 58 25
71 71 25
71 71 25
71 71 25
71 84 25
71 84 25
71 84 25
71 97 25
71 97 25
71 97 25
71 110 25
71 110 25
71 110 25
71 123 25
71 123 25
71 123 25
71 136 25
71 136 25
71 136 25
71 149 25
71 162 25
71 162 25
71 162 25
71 175 25
71 175 25
71 175 25
71 188 25
71 188 25
71 188 25
84 6 25
84 6 25
84 6 25
84 19 25
84 19 25
84 19 25
84 32 25
84 32 25
84 32 25
84 45 25
84 45 25
84 45 25
84 58 25
84 58 25
84 58 25
84 71 25
84 71 25
84 71 25
84 84 25
84 84 25
84 84 25
84 97 25
84 97 25
84 97 25
84 110 25
84 110 25
84 123 25
84 123 25
84 123 25
84 136 25
84 149 25
84 149 25
84 162 25
84 162 25
84 162 25
84 175 25
84 175 25
84 175 25
84 188 25
84 188 25
84 188 25
97 6 25
97 6 25
97 6 25
97 19 25
97 19 25
97 19 25
97 32 25
97 32 25
97 32 25
97 45 25
97 45 25
97 45 25
97 58 25
97 58 25
97 58 25
97 71 25
97 71 25
97 84 25
97 84 25
97 84 25
97 97 25
97 97 25
97 97 25
97 110 25
97 110 25
97 110 25
97 123 25
97 123 25
97 123 25
97 136 25
97 136 25
97 136 25
97 149 25
97 162 25
97 162 25
97 162 25
97 175 25
97 175 25
97 175 25
97 188 25
97 188 25
97 188 25
110 6 25
110 6 25
110 19 25
110 19 25
110 19 25
110 32 25
110 32 25
110 32 25
110 45 25
110 45 25
110 45 25
110 58 25
110 58 25
110 58 25
110 71 25
110 71 25
110 71 25
110 84 25
110 84 25
110 84 25
110 97 25
110 97 25
110 97 25
110 110 25
110 110 25
110 110 25
110 123 25
110 123 25
110 123 25
110 136 25
110 136 25
110 136 25
110 149 25
110 149 25
110 149 25
110 162 25
110 175 25
110 175 25
110 175 25
110 188 25
110 188 25
110 188 25
123 6 25
123 6 25
123 6 25
123 19 25
123 19 25
123 19 25
123 32 25
123 32 25
123 45 25
123 45 25
123 45 25
123 58 25
123 58 25
123 58 25
123 71 25
123 71 25
123 71 25
123 84 25
123 84 25
123 84 25
123 97 25
123 97 25
123 97 25
123 110 25
123 110 25
123 110 25
123 123 25
123 123 25
123 136 25
123 136 25
123 136 25
123 149 25
123 149 25
123 149 25
123 162 25
123 162 25
123 162 25
123 175 25
123 175 25
123 188 25
123 188 25
123 188 25
136 6 25
136 6 25
136 6 25
136 19 25
136 19 25
136 19 25
136 32 25
136 32 25
136 45 25
136 58 25
136 58 25
136 58 25
136 71 25
136 71 25
136 71 25
136 84 25
136 84 25
136 84 25
136 97 25
136 97 25
136 97 25
136 110 25
136 110 25
136 110 25
136 123 25
136 123 25
136 123 25
136 136 25
136 136 25
136 136 25
136 149 25
136 149 25
136 149 25
136 162 25
136 162 25
136 162 25
136 175 25
136 175 25
136 175 25
136 188 25
149 6 25
149 6 25
149 6 25
149 19 25
149 19 25
149 19 25
149 32 25
149 32 25
149 45 25
149 45 25
149 45 25
149 58 25
149 58 25
149 58 25
149 71 25
149 71 25
149 71 25
149 84 25
149 84 25
149 84 25
149 97 25
149 97 25
149 97 25
149 110 25
149 110 25
149 110 25
149 123 25
149 123 25
149 123 25
149 136 25
149 136 25
149 136 25
149 149 25
149 162 25
149 162 25
149 162 25
149 175 25
149 175 25
149 175 25
149 188 25
149 188 25
149 188 25
162 6 25
162 6 25
162 6 25
162 19 25
162 19 25
162 19 25
162 32 25
162 45 25
162 45 25
162 45 25
162 58 25
162 58 25
162 58 25
162 71 25
162 84 25
162 84 25
162 97 25
162 97 25
162 97 25
162 110 25
162 110 25
162 110 25
162 123 25
162 123 25
162 123 25
162 136 25
162 136 25
162 136 25
162 149 25
162 149 25
162 149 25
162 162 25
162 162 25
162 162 25
162 175 25
162 175 25
162 175 25
162 188 25
162 188 25
162 188 25
175 6 25
175 6 25
175 6 25
175 19 25
175 19 25
175 19 25
175 32 25
175 32 25
175 32 25
175 45 25
175 45 25
175 45 25
175 58 25
175 58 25
175 58 25
175 71 25
175 71 25
175 71 25
175 84 25
175 84 25
175 84 25
175 97 25
175 97 25
175 97 25
175 110 25
175 110 25
175 110 25
175 123 25
175 123 25
175 123 25
175 136 25
175 136 25
175 136 25
175 149 25
175 149 25
175 149 25
175 162 25
175 162 25
175 162 25
175 175 25
175 188 25
175 188 25
175 188 25
188 6 25
188 6 25
188 19 25
188 19 25
188 19 25
188 32 25
188 32 25
188 32 25
188 45 25
188 45 25
188 45 25
188 58 25
188 58 25
188 58 25
188 71 25
188 71 25
188 71 25
188 84 25
188 84 25
188 84 25
188 97 25
188 97 25
188 97 25
188 110 25
188 110 25
188 110 25
188 123 25
188 123 25
188 123 25
188 136 25
188 136 25
188 136 25
188 149 25
188 149 25
188 149 25
188 162 25
188 175 25
188 188 25
188 188 25
188 188 25
104 45 22
104 45 22
104 45 22
104 45 22
104 45 22
104 45 22
104 45 22
104 45 22
104 45 22
104 45 22
104 45 22
104 45 22
104 45 22
104 45 22
104 45 22
104 45 22
104 45 22
104 45 22
104 45 22
104 45 22
104 45 22
104 45 22
104 45 22
104 45 22
104 45 22
104 45 22
104 45 22
180 170 22
28 183 22
79 101 22
195 15 22
23 102 22
23 102 22
23 102 22
80 141 22
150 145 22
59 69 22
53 35 22
53 35 22
110 45 25
110 45 25
110 45 25
110 45 25
110 45 25
110 45 25
110 45 25
110 45 25
110 45 25
110 45 25
110 45 25
110 45 25
124 45 25
124 45 25
136 44 25
137 32 25
137 32 25
150 32 25
150 32 25
162 31 25
163 19 25
163 19 25
175 19 25
175 19 25
111 45 25
111 45 25
111 45 25
111 45 25
111 45 25
111 45 25
111 45 25
111 45 25
111 45 25
111 45 25
111 45 25
111 45 25
111 45 25
125 45 25
125 45 25
136 43 25
138 32 25
138 32 25
138 32 25
151 32 25
151 32 25
162 30 25
164 19 25
164 19 25
176 19 25
176 19 25
176 19 25
176 19 25
176 19 25
176 19 25
112 45 25
112 45 25
112 45 25
112 45 25
112 45 25
112 45 25
112 45 25
112 45 25
112 45 25
112 45 25
112 45 25
126 45 25
126 45 25
136 42 25
139 32 25
139 32 25
139 32 25
152 32 25
162 29 25
165 19 25
165 19 25
177 19 25
177 19 25
177 19 25
177 19 25
177 19 25
177 19 25
113 45 25
113 45 25
113 45 25
113 45 25
113 45 25
113 45 25
113 45 25
113 45 25
113 45 25
113 45 25
127 45 25
136 41 25
140 32 25
140 32 25
140 32 25
140 32 25
153 32 25
162 28 25
166 19 25
166 19 25
178 19 25
178 19 25
178 19 25
178 19 25
178 19 25
178 19 25
178 19 25
114 45 25
114 45 25
114 45 25
114 45 25
114 45 25
114 45 25
114 45 25
114 45 25
114 45 25
128 45 25
136 40 25
141 32 25
141 32 25
141 32 25
141 32 25
154 32 25
162 27 25
167 19 25
167 19 25
179 19 25
179 19 25
179 19 25
179 19 25
179 19 25
179 19 25
179 19 25
115 45 25
115 45 25
115 45 25
115 45 25
115 45 25
115 45 25
115 45 25
115 45 25
129 45 25
136 39 25
142 32 25
142 32 25
142 32 25
142 32 25
142 32 25
155 32 25
162 26 25
162 26 25
168 19 25
168 19 25
180 19 25
180 19 25
180 19 25
180 19 25
180 19 25
180 19 25
180 19 25
116 45 25
116 45 25
116 45 25
116 45 25
116 45 25
116 45 25
116 45 25
130 45 25
136 38 25
143 32 25
143 32 25
143 32 25
143 32 25
143 32 25
156 32 25
162 25 25
162 25 25
169 19 25
169 19 25
181 19 25
181 19 25
181 19 25
181 19 25
181 19 25
181 19 25
181 19 25
117 45 25
117 45 25
117 45 25
117 45 25
117 45 25
117 45 25
131 45 25
136 37 25
144 32 25
144 32 25
144 32 25
144 32 25
144 32 25
157 32 25
162 24 25
162 24 25
170 19 25
170 19 25
170 19 25
182 19 25
182 19 25
182 19 25
182 19 25
182 19 25
182 19 25
118 45 25
118 45 25
118 45 25
118 45 25
118 45 25
132 45 25
136 36 25
145 32 25
145 32 25
145 32 25
145 32 25
145 32 25
158 32 25
162 23 25
162 23 25
171 19 25
171 19 25
171 19 25
183 19 25
183 19 25
183 19 25
183 19 25
183 19 25
183 19 25
119 45 25
119 45 25
119 45 25
119 45 25
119 45 25
133 45 25
136 35 25
146 32 25
146 32 25
146 32 25
146 32 25
159 32 25
162 22 25
162 22 25
172 19 25
172 19 25
172 19 25
184 19 25
184 19 25
184 19 25
184 19 25
184 19 25
120 45 25
120 45 25
120 45 25
120 45 25
134 45 25
136 34 25
147 32 25
147 32 25
147 32 25
160 32 25
162 21 25
162 21 25
173 19 25
173 19 25
173 19 25
173 19 25
185 19 25
185 19 25
185 19 25
185 19 25
121 45 25
121 45 25
121 45 25
121 45 25
135 45 25
136 33 25
148 32 25
148 32 25
148 32 25
161 32 25
162 20 25
162 20 25
174 19 25
174 19 25
174 19 25
174 19 25
174 19 25
186 19 25
186 19 25
186 19 25
186 19 25
122 45 25
122 45 25
122 45 25
187 19 25
187 19 25
187 19 25
97 45 25
97 45 25
97 45 25
97 45 25
97 45 25
97 45 25
97 45 25
97 45 25
97 45 25
97 45 25
97 45 25
97 45 25
97 45 25
97 45 25
97 45 25
97 45 25
97 45 25
97 45 25
97 45 25
97 45 25
97 45 25
97 45 25
97 45 25
97 45 25
97 45 25
84 45 25
84 45 25
84 45 25
84 45 25
84 45 25
84 45 25
84 45 25
84 45 25
84 45 25
84 45 25
84 45 25
84 45 25
84 45 25
84 45 25
84 45 25
84 45 25
84 45 25
84 45 25
84 45 25
84 45 25
84 45 25
84 45 25
84 45 25
84 45 25
84 45 25
84 45 25
84 45 25
84 45 25
84 45 25
84 45 25
84 45 25
84 45 25
84 45 25
84 45 25
84 45 25
84 45 25
84 45 25
84 45 25
84 45 25
84 45 25
84 45 25
84 45 25
84 45 25
84 45 25
84 45 25
84 45 25
84 45 25
84 45 25
84 45 25
84 45 25
84 45 25
84 45 25
84 45 25
84 45 25
84 45 25
84 45 25
71 45 25
71 45 25
71 45 25
71 45 25
71 45 25
71 45 25
71 45 25
71 45 25
71 45 25
71 45 25
71 45 25
71 45 25
71 45 25
71 45 25
71 45 25
71 45 25
71 45 25
71 45 25
71 45 25
71 45 25
71 45 25
71 45 25
71 45 25
71 45 25
71 45 25
71 45 25
71 45 25
71 45 25
71 45 25
71 45 25
71 45 25
97 46 25
97 46 25
97 46 25
97 46 25
97 46 25
97 46 25
97 46 25
97 46 25
97 46 25
97 46 25
97 46 25
97 46 25
97 46 25
97 46 25
97 46 25
97 46 25
97 46 25
97 46 25
97 46 25
97 46 25
97 46 25
97 46 25
97 46 25
97 46 25
97 46 25
97 46 25
97 46 25
97 46 25
97 46 25
97 58 25
84 58 25
84 58 25
84 58 25
84 58 25
84 58 25
97 47 25
97 47 25
97 47 25
97 47 25
97 47 25
97 47 25
97 47 25
97 47 25
97 47 25
97 47 25
97 47 25
97 47 25
97 47 25
97 47 25
97 47 25
97 47 25
97 47 25
97 47 25
97 47 25
97 47 25
97 47 25
97 47 25
97 47 25
97 47 25
97 47 25
97 47 25
97 47 25
97 47 25
97 47 25
97 47 25
96 58 25
96 58 25
96 58 25
96 58 25
96 58 25
96 58 25
83 58 25
83 58 25
83 58 25
83 58 25
83 58 25
83 58 25
97 48 25
97 48 25
97 48 25
97 48 25
97 48 25
97 48 25
97 48 25
97 48 25
97 48 25
97 48 25
97 48 25
97 48 25
97 48 25
97 48 25
97 48 25
97 48 25
97 48 25
97 48 25
97 48 25
97 48 25
97 48 25
97 48 25
97 48 25
97 48 25
97 48 25
97 48 25
97 48 25
97 48 25
97 48 25
97 48 25
95 58 25
95 58 25
95 58 25
95 58 25
95 58 25
95 58 25
95 58 25
82 58 25
82 58 25
82 58 25
82 58 25
82 58 25
97 49 25
97 49 25
97 49 25
97 49 25
97 49 25
97 49 25
97 49 25
97 49 25
97 49 25
97 49 25
97 49 25
97 49 25
97 49 25
97 49 25
97 49 25
97 49 25
97 49 25
97 49 25
97 49 25
97 49 25
97 49 25
97 49 25
97 49 25
97 49 25
97 49 25
97 49 25
97 49 25
97 49 25
97 49 25
97 49 25
94 58 25
94 58 25
94 58 25
94 58 25
94 58 25
94 58 25
94 58 25
94 58 25
94 58 25
81 58 25
81 58 25
81 58 25
81 58 25
97 50 25
97 50 25
97 50 25
97 50 25
97 50 25
97 50 25
97 50 25
97 50 25
97 50 25
97 50 25
97 50 25
97 50 25
97 50 25
97 50 25
97 50 25
97 50 25
97 50 25
97 50 25
97 50 25
97 50 25
97 50 25
97 50 25
97 50 25
97 50 25
97 50 25
97 50 25
97 50 25
97 50 25
97 50 25
93 58 25
93 58 25
93 58 25
93 58 25
93 58 25
93 58 25
93 58 25
93 58 25
93 58 25
93 58 25
93 58 25
93 58 25
80 58 25
80 58 25
80 58 25
97 51 25
97 51 25
97 51 25
97 51 25
97 51 25
97 51 25
97 51 25
97 51 25
97 51 25
97 51 25
97 51 25
97 51 25
97 51 25
97 51 25
97 51 25
97 51 25
97 51 25
97 51 25
97 51 25
97 51 25
97 51 25
97 51 25
97 51 25
97 51 25
97 51 25
97 51 25
97 51 25
92 58 25
92 58 25
92 58 25
92 58 25
92 58 25
92 58 25
92 58 25
92 58 25
92 58 25
92 58 25
92 58 25
92 58 25
92 58 25
92 58 25
79 58 25
79 58 25
97 52 25
97 52 25
97 52 25
97 52 25
97 52 25
97 52 25
97 52 25
97 52 25
97 52 25
97 52 25
97 52 25
97 52 25
97 52 25
97 52 25
97 52 25
97 52 25
97 52 25
97 52 25
97 52 25
97 52 25
97 52 25
97 52 25
97 52 25
91 58 25
91 58 25
91 58 25
91 58 25
91 58 25
91 58 25
91 58 25
91 58 25
91 58 25
91 58 25
91 58 25
91 58 25
91 58 25
91 58 25
91 58 25
78 58 25
78 58 25
97 53 25
97 53 25
97 53 25
97 53 25
97 53 25
97 53 25
97 53 25
97 53 25
97 53 25
97 53 25
97 53 25
97 53 25
97 53 25
97 53 25
97 53 25
97 53 25
97 53 25
97 53 25
97 53 25
97 53 25
90 58 25
90 58 25
90 58 25
90 58 25
90 58 25
90 58 25
90 58 25
90 58 25
90 58 25
90 58 25
90 58 25
90 58 25
90 58 25
90 58 25
90 58 25
90 58 25
77 58 25
77 58 25
97 54 25
97 54 25
97 54 25
97 54 25
97 54 25
97 54 25
97 54 25
97 54 25
97 54 25
97 54 25
97 54 25
97 54 25
97 54 25
97 54 25
97 54 25
97 54 25
89 58 25
89 58 25
89 58 25
89 58 25
89 58 25
89 58 25
89 58 25
89 58 25
89 58 25
89 58 25
89 58 25
89 58 25
89 58 25
89 58 25
89 58 25
89 58 25
76 58 25
76 58 25
97 55 25
97 55 25
97 55 25
97 55 25
97 55 25
97 55 25
97 55 25
97 55 25
97 55 25
97 55 25
97 55 25
97 55 25
97 55 25
88 58 25
88 58 25
88 58 25
88 58 25
88 58 25
88 58 25
88 58 25
88 58 25
88 58 25
88 58 25
88 58 25
88 58 25
88 58 25
88 58 25
88 58 25
75 58 25
75 58 25
97 56 25
97 56 25
97 56 25
97 56 25
97 56 25
97 56 25
97 56 25
97 56 25
97 56 25
87 58 25
87 58 25
87 58 25
87 58 25
87 58 25
87 58 25
87 58 25
87 58 25
87 58 25
87 58 25
87 58 25
87 58 25
87 58 25
74 58 25
74 58 25
97 57 25
97 57 25
97 57 25
97 57 25
97 57 25
97 57 25
86 58 25
86 58 25
86 58 25
86 58 25
86 58 25
86 58 25
86 58 25
86 58 25
86 58 25
86 58 25
86 58 25
86 58 25
73 58 25
73 58 25
85 58 25
85 58 25
85 58 25
85 58 25
85 58 25
85 58 25
85 58 25
85 58 25
85 58 25
85 58 25
72 58 25
72 58 25
70 58 25
70 58 25
70 58 25
58 58 25
58 58 25
58 58 25
58 58 25
58 58 25
58 58 25
58 58 25
58 72 25
57 84 25
57 84 25
45 85 25
45 85 25
44 97 25
69 58 25
69 58 25
69 58 25
69 58 25
58 57 25
58 57 25
58 57 25
58 57 25
58 57 25
58 57 25
58 57 25
58 57 25
58 57 25
58 57 25
58 57 25
58 57 25
58 57 25
58 57 25
58 57 25
58 57 25
68 58 25
68 58 25
68 58 25
68 58 25
68 58 25
58 56 25
58 56 25
58 56 25
58 56 25
58 56 25
58 56 25
58 56 25
58 56 25
58 56 25
58 56 25
58 56 25
58 56 25
58 56 25
58 56 25
58 56 25
58 56 25
58 56 25
58 56 25
58 56 25
58 56 25
58 56 25
58 56 25
67 58 25
67 58 25
67 58 25
67 58 25
67 58 25
67 58 25
58 55 25
58 55 25
58 55 25
58 55 25
58 55 25
58 55 25
58 55 25
58 55 25
58 55 25
58 55 25
58 55 25
58 55 25
58 55 25
58 55 25
58 55 25
58 55 25
58 55 25
58 55 25
58 55 25
58 55 25
58 55 25
58 55 25
58 55 25
58 55 25
58 55 25
58 55 25
58 55 25
58 55 25
58 55 25
58 55 25
66 58 25
66 58 25
66 58 25
66 58 25
66 58 25
66 58 25
66 58 25
66 58 25
58 59 25
58 59 25
58 59 25
58 59 25
58 59 25
58 59 25
58 59 25
58 73 25
56 84 25
56 84 25
45 86 25
43 97 25
65 58 25
65 58 25
65 58 25
65 58 25
65 58 25
65 58 25
65 58 25
65 58 25
65 58 25
65 58 25
65 58 25
58 60 25
58 60 25
58 60 25
58 60 25
58 74 25
55 84 25
45 87 25
42 97 25
64 58 25
64 58 25
64 58 25
64 58 25
64 58 25
64 58 25
64 58 25
64 58 25
64 58 25
64 58 25
64 58 25
64 58 25
58 61 25
58 61 25
58 61 25
58 75 25
54 84 25
45 88 25
41 97 25
63 58 25
63 58 25
63 58 25
63 58 25
63 58 25
63 58 25
63 58 25
63 58 25
63 58 25
63 58 25
63 58 25
63 58 25
63 58 25
63 58 25
58 62 25
58 62 25
58 76 25
53 84 25
45 89 25
40 97 25
62 58 25
62 58 25
62 58 25
62 58 25
62 58 25
62 58 25
62 58 25
62 58 25
62 58 25
62 58 25
62 58 25
62 58 25
62 58 25
62 58 25
58 63 25
58 77 25
58 77 25
52 84 25
45 90 25
39 97 25
61 58 25
61 58 25
61 58 25
61 58 25
61 58 25
61 58 25
61 58 25
61 58 25
61 58 25
61 58 25
61 58 25
61 58 25
61 58 25
61 58 25
58 64 25
58 78 25
58 78 25
51 84 25
45 91 25
38 97 25
60 58 25
60 58 25
60 58 25
60 58 25
60 58 25
60 58 25
60 58 25
60 58 25
60 58 25
60 58 25
60 58 25
60 58 25
60 58 25
58 65 25
58 79 25
58 79 25
50 84 25
45 92 25
37 97 25
37 97 25
59 58 25
59 58 25
59 58 25
59 58 25
59 58 25
59 58 25
59 58 25
59 58 25
59 58 25
59 58 25
59 58 25
59 58 25
58 66 25
58 80 25
58 80 25
49 84 25
45 93 25
36 97 25
36 97 25
58 67 25
58 81 25
58 81 25
48 84 25
45 94 25
35 97 25
35 97 25
35 97 25
58 68 25
58 82 25
58 82 25
47 84 25
45 95 25
34 97 25
34 97 25
34 97 25
58 69 25
58 83 25
58 83 25
46 84 25
46 84 25
45 96 25
33 97 25
33 97 25
33 97 25
58 70 25
32 97 25
58 54 25
58 54 25
58 54 25
58 54 25
58 54 25
58 54 25
58 54 25
58 54 25
58 54 25
58 54 25
58 54 25
58 54 25
58 54 25
58 54 25
58 54 25
58 54 25
58 54 25
58 54 25
58 54 25
58 54 25
58 54 25
58 54 25
58 54 25
58 54 25
58 54 25
58 54 25
58 54 25
58 54 25
58 54 25
58 54 25
58 54 25
58 54 25
58 54 25
58 54 25
58 54 25
58 54 25
58 54 25
58 53 25
58 53 25
58 53 25
58 53 25
58 53 25
58 53 25
58 53 25
58 53 25
58 53 25
58 53 25
58 53 25
58 53 25
58 53 25
58 53 25
58 53 25
58 53 25
58 53 25
58 53 25
58 53 25
58 53 25
58 53 25
58 53 25
58 53 25
58 53 25
58 53 25
58 53 25
58 53 25
58 53 25
58 53 25
58 53 25
58 53 25
58 53 25
58 53 25
58 53 25
58 53 25
58 53 25
58 53 25
58 53 25
58 53 25
58 53 25
58 53 25
58 53 25
58 53 25
58 53 25
58 53 25
58 52 25
58 52 25
58 52 25
58 52 25
58 52 25
58 52 25
58 52 25
58 52 25
58 52 25
58 52 25
58 52 25
58 52 25
58 52 25
58 52 25
58 52 25
58 52 25
58 52 25
58 52 25
58 52 25
58 52 25
58 52 25
58 52 25
58 52 25
58 52 25
58 52 25
58 52 25
58 52 25
58 52 25
58 52 25
58 52 25
58 52 25
58 52 25
58 52 25
58 52 25
58 52 25
58 52 25
58 52 25
58 52 25
58 52 25
58 52 25
58 52 25
58 52 25
58 52 25
58 52 25
58 52 25
58 52 25
58 52 25
58 52 25
58 52 25
58 52 25
58 52 25
58 52 25
58 52 25
58 51 25
58 51 25
58 51 25
58 51 25
58 51 25
58 51 25
58 51 25
58 51 25
58 51 25
58 51 25
58 51 25
58 51 25
58 51 25
58 51 25
58 51 25
58 51 25
58 51 25
58 51 25
58 51 25
58 51 25
58 51 25
58 51 25
58 51 25
58 51 25
58 51 25
58 51 25
58 51 25
58 51 25
58 51 25
58 51 25
58 51 25
58 51 25
58 51 25
58 51 25
58 51 25
58 51 25
58 51 25
58 51 25
58 51 25
58 51 25
58 51 25
58 51 25
58 51 25
58 51 25
58 51 25
58 51 25
58 51 25
58 51 25
58 51 25
58 51 25
58 51 25
58 51 25
58 51 25
58 51 25
58 51 25
58 51 25
58 51 25
58 51 25
58 51 25
58 51 25
58 50 25
58 50 25
58 50 25
58 50 25
58 50 25
58 50 25
58 50 25
58 50 25
58 50 25
58 50 25
58 50 25
58 50 25
58 50 25
58 50 25
58 50 25
58 50 25
58 50 25
58 50 25
58 50 25
58 50 25
58 50 25
58 50 25
58 50 25
58 50 25
58 50 25
58 50 25
58 50 25
58 50 25
58 50 25
58 50 25
58 50 25
58 50 25
58 50 25
58 50 25
58 50 25
58 50 25
58 50 25
58 50 25
58 50 25
58 50 25
58 50 25
58 50 25
58 50 25
58 50 25
58 50 25
58 50 25
58 50 25
58 50 25
58 50 25
58 50 25
58 50 25
58 50 25
58 50 25
58 50 25
58 50 25
58 50 25
58 50 25
58 50 25
58 50 25
58 50 25
58 50 25
58 50 25
58 50 25
58 50 25
58 50 25
58 50 25
58 49 25
58 49 25
58 49 25
58 49 25
58 49 25
58 49 25
58 49 25
58 49 25
58 49 25
58 49 25
58 49 25
58 49 25
58 49 25
58 49 25
58 49 25
58 49 25
58 49 25
58 49 25
58 49 25
58 49 25
58 49 25
58 49 25
58 49 25
58 49 25
58 49 25
58 49 25
58 49 25
58 49 25
58 49 25
58 49 25
58 49 25
58 49 25
58 49 25
58 49 25
58 49 25
58 49 25
58 49 25
58 49 25
58 49 25
58 49 25
58 49 25
58 49 25
58 49 25
58 49 25
58 49 25
58 49 25
58 49 25
58 49 25
58 49 25
58 49 25
58 49 25
58 49 25
58 49 25
58 49 25
58 49 25
58 49 25
58 49 25
58 49 25
58 49 25
58 49 25
58 49 25
58 49 25
58 49 25
58 49 25
58 49 25
58 49 25
58 49 25
58 49 25
58 49 25
58 49 25
58 48 25
58 48 25
58 48 25
58 48 25
58 48 25
58 48 25
58 48 25
58 48 25
58 48 25
58 48 25
58 48 25
58 48 25
58 48 25
58 48 25
58 48 25
58 48 25
58 48 25
58 48 25
58 48 25
58 48 25
58 48 25
58 48 25
58 48 25
58 48 25
58 48 25
58 48 25
58 48 25
58 48 25
58 48 25
58 48 25
58 48 25
58 48 25
58 48 25
58 48 25
58 48 25
58 48 25
58 48 25
58 48 25
58 48 25
58 48 25
58 48 25
58 48 25
58 48 25
58 48 25
58 48 25
58 48 25
58 48 25
58 48 25
58 48 25
58 48 25
58 48 25
58 48 25
58 48 25
58 48 25
58 48 25
58 48 25
58 48 25
58 48 25
58 48 25
58 48 25
58 48 25
58 48 25
58 48 25
58 48 25
58 48 25
58 48 25
58 48 25
58 48 25
58 48 25
58 48 25
58 48 25
58 48 25
58 47 25
58 47 25
58 47 25
58 47 25
58 47 25
58 47 25
58 47 25
58 47 25
58 47 25
58 47 25
58 47 25
58 47 25
58 47 25
58 47 25
58 47 25
58 47 25
58 47 25
58 47 25
58 47 25
58 47 25
58 47 25
58 47 25
58 47 25
58 47 25
58 47 25
58 47 25
58 47 25
58 47 25
58 47 25
58 47 25
58 47 25
58 47 25
58 47 25
58 47 25
58 47 25
58 47 25
58 47 25
58 47 25
58 47 25
58 47 25
58 47 25
58 47 25
58 47 25
58 47 25
58 47 25
58 47 25
58 47 25
58 47 25
58 47 25
58 47 25
58 47 25
58 47 25
58 47 25
58 47 25
58 47 25
58 47 25
58 47 25
58 47 25
58 47 25
58 47 25
58 47 25
58 47 25
58 47 25
58 47 25
58 47 25
58 47 25
58 47 25
58 47 25
58 47 25
58 47 25
58 47 25
58 46 25
58 46 25
58 46 25
58 46 25
58 46 25
58 46 25
58 46 25
58 46 25
58 46 25
58 46 25
58 46 25
58 46 25
58 46 25
58 46 25
58 46 25
58 46 25
58 46 25
58 46 25
58 46 25
58 46 25
58 46 25
58 46 25
58 46 25
58 46 25
58 46 25
58 46 25
58 46 25
58 46 25
58 46 25
58 46 25
58 46 25
58 46 25
58 46 25
58 46 25
58 46 25
58 46 25
58 46 25
58 46 25
58 46 25
58 46 25
58 46 25
58 46 25
58 46 25
58 46 25
58 46 25
58 46 25
58 46 25
58 46 25
58 46 25
58 46 25
58 46 25
58 46 25
58 46 25
58 46 25
58 46 25
58 46 25
58 46 25
58 46 25
58 46 25
58 46 25
58 46 25
58 46 25
58 46 25
58 46 25
58 46 25
58 46 25
58 46 25
58 45 25
58 45 25
58 45 25
58 45 25
58 45 25
58 45 25
58 45 25
58 45 25
58 45 25
58 45 25
58 45 25
58 45 25
58 45 25
58 45 25
58 45 25
58 45 25
58 45 25
58 45 25
58 45 25
58 45 25
58 45 25
58 45 25
58 45 25
58 45 25
58 45 25
58 45 25
58 45 25
58 45 25
58 45 25
58 45 25
58 45 25
58 45 25
58 45 25
58 45 25
58 45 25
58 45 25
58 45 25
58 45 25
58 45 25
58 45 25
58 45 25
58 45 25
58 45 25
58 45 25
58 45 25
58 45 25
58 45 25
58 45 25
58 45 25
58 45 25
58 45 25
58 45 25
58 45 25
58 45 25
58 45 25
58 45 25
58 45 25
58 45 25
46 97 25
58 97 25
58 97 25
47 97 25
59 97 25
59 97 25
59 97 25
59 97 25
59 97 25
59 97 25
48 97 25
60 97 25
60 97 25
60 97 25
60 97 25
60 97 25
60 97 25
49 97 25
61 97 25
61 97 25
61 97 25
61 97 25
61 97 25
61 97 25
61 97 25
50 97 25
62 97 25
62 97 25
62 97 25
62 97 25
62 97 25
62 97 25
62 97 25
62 97 25
51 97 25
51 97 25
63 97 25
63 97 25
63 97 25
63 97 25
63 97 25
63 97 25
63 97 25
63 97 25
52 97 25
52 97 25
64 97 25
64 97 25
64 97 25
64 97 25
64 97 25
64 97 25
64 97 25
64 97 25
53 97 25
53 97 25
65 97 25
65 97 25
65 97 25
65 97 25
65 97 25
65 97 25
65 97 25
65 97 25
54 97 25
54 97 25
54 97 25
66 97 25
66 97 25
66 97 25
66 97 25
66 97 25
66 97 25
66 97 25
66 97 25
55 97 25
55 97 25
55 97 25
67 97 25
67 97 25
67 97 25
67 97 25
67 97 25
67 97 25
67 97 25
67 97 25
56 97 25
56 97 25
56 97 25
56 97 25
68 97 25
68 97 25
68 97 25
68 97 25
68 97 25
68 97 25
68 97 25
68 97 25
57 97 25
57 97 25
57 97 25
57 97 25
69 97 25
69 97 25
69 97 25
69 97 25
69 97 25
69 97 25
69 97 25
70 97 25
70 97 25
70 97 25
70 97 25
70 97 25
70 97 25
70 97 25
71 97 25
71 97 25
71 97 25
71 98 25
71 98 25
71 98 25
71 98 25
71 98 25
71 110 25
71 110 25
71 110 25
71 110 25
71 110 25
71 110 25
71 110 25
71 110 25
71 110 25
71 110 25
71 110 25
71 110 25
71 110 25
71 110 25
84 111 25
84 111 25
84 111 25
84 123 25
84 123 25
84 123 25
84 123 25
84 123 25
84 123 25
84 123 25
84 123 25
84 123 25
84 123 25
84 123 25
84 123 25
84 123 25
84 123 25
84 123 25
84 123 25
84 123 25
84 123 25
84 123 25
84 123 25
84 123 25
84 123 25
84 123 25
84 123 25
72 97 25
72 97 25
72 97 25
72 97 25
72 97 25
72 97 25
84 97 25
84 112 25
84 112 25
84 112 25
84 112 25
84 124 25
84 124 25
84 124 25
84 124 25
84 124 25
84 124 25
84 124 25
84 124 25
84 124 25
84 124 25
84 124 25
84 124 25
84 124 25
84 124 25
84 124 25
84 124 25
84 124 25
84 124 25
84 124 25
84 124 25
84 124 25
73 97 25
73 97 25
73 97 25
73 97 25
73 97 25
84 98 25
84 98 25
84 98 25
84 113 25
84 113 25
84 113 25
84 113 25
84 113 25
84 125 25
84 125 25
84 125 25
84 125 25
84 125 25
84 125 25
84 125 25
84 125 25
84 125 25
84 125 25
84 125 25
84 125 25
84 125 25
84 125 25
84 125 25
84 125 25
74 97 25
74 97 25
74 97 25
74 97 25
84 99 25
84 99 25
84 114 25
84 114 25
84 114 25
84 114 25
84 114 25
84 114 25
84 114 25
84 114 25
84 126 25
84 126 25
84 126 25
84 126 25
84 126 25
84 126 25
84 126 25
84 126 25
84 126 25
84 126 25
84 126 25
75 97 25
75 97 25
75 97 25
75 97 25
84 100 25
84 100 25
84 115 25
84 115 25
84 115 25
84 115 25
84 115 25
84 115 25
84 115 25
84 115 25
84 115 25
84 115 25
84 115 25
84 127 25
84 127 25
84 127 25
84 127 25
84 127 25
84 127 25
84 127 25
84 127 25
76 97 25
76 97 25
76 97 25
84 101 25
84 101 25
84 116 25
84 116 25
84 116 25
84 116 25
84 116 25
84 116 25
84 116 25
84 116 25
84 116 25
84 116 25
84 116 25
84 116 25
84 116 25
84 116 25
84 116 25
84 128 25
84 128 25
84 128 25
84 128 25
84 128 25
77 97 25
77 97 25
77 97 25
84 102 25
84 117 25
84 117 25
84 117 25
84 117 25
84 117 25
84 117 25
84 117 25
84 117 25
84 117 25
84 117 25
84 117 25
84 117 25
84 117 25
84 117 25
84 117 25
84 117 25
84 117 25
84 117 25
84 117 25
84 117 25
84 129 25
84 129 25
84 129 25
78 97 25
78 97 25
78 97 25
84 103 25
84 118 25
84 118 25
84 118 25
84 118 25
84 118 25
84 118 25
84 118 25
84 118 25
84 118 25
84 118 25
84 118 25
84 118 25
84 118 25
84 118 25
84 118 25
84 118 25
84 118 25
84 118 25
84 118 25
84 118 25
84 118 25
84 118 25
84 118 25
84 118 25
84 118 25
84 130 25
84 130 25
79 97 25
79 97 25
79 97 25
84 104 25
84 119 25
84 119 25
84 119 25
84 119 25
84 119 25
84 119 25
84 119 25
84 119 25
84 119 25
84 119 25
84 119 25
84 119 25
84 119 25
84 119 25
84 119 25
84 119 25
84 119 25
84 119 25
84 119 25
84 119 25
84 119 25
84 119 25
84 119 25
84 119 25
84 119 25
84 119 25
84 119 25
84 119 25
84 119 25
84 119 25
84 131 25
84 131 25
80 97 25
80 97 25
80 97 25
84 105 25
84 120 25
84 120 25
84 120 25
84 120 25
84 120 25
84 120 25
84 120 25
84 120 25
84 120 25
84 120 25
84 120 25
84 120 25
84 120 25
84 120 25
84 120 25
84 120 25
84 120 25
84 120 25
84 120 25
84 120 25
84 120 25
84 120 25
84 120 25
84 120 25
84 120 25
84 120 25
84 120 25
84 120 25
84 120 25
84 120 25
84 120 25
84 120 25
84 120 25
84 132 25
81 97 25
81 97 25
81 97 25
84 106 25
84 106 25
84 121 25
84 121 25
84 121 25
84 121 25
84 121 25
84 121 25
84 121 25
84 121 25
84 121 25
84 121 25
84 121 25
84 121 25
84 121 25
84 121 25
84 121 25
84 121 25
84 121 25
84 121 25
84 121 25
84 121 25
84 121 25
84 121 25
84 121 25
84 121 25
84 121 25
84 121 25
84 121 25
84 121 25
84 121 25
84 121 25
84 121 25
84 121 25
84 121 25
84 133 25
82 97 25
82 97 25
82 97 25
84 107 25
84 107 25
84 122 25
84 122 25
84 122 25
84 122 25
84 122 25
84 122 25
84 122 25
84 122 25
84 122 25
84 122 25
84 122 25
84 122 25
84 122 25
84 122 25
84 122 25
84 122 25
84 122 25
84 122 25
84 122 25
84 122 25
84 122 25
84 122 25
84 122 25
84 122 25
84 122 25
84 122 25
84 122 25
84 122 25
84 122 25
84 122 25
84 122 25
84 134 25
83 97 25
83 97 25
83 97 25
84 108 25
84 108 25
84 135 25
84 109 25
84 109 25
84 137 25
85 149 25
85 149 25
98 149 25
110 149 25
123 149 25
123 149 25
123 149 25
123 149 25
123 149 25
123 149 25
123 149 25
123 149 25
123 149 25
123 149 25
123 149 25
123 149 25
123 149 25
123 149 25
123 149 25
123 149 25
123 149 25
123 149 25
123 149 25
123 149 25
123 149 25
123 149 25
123 149 25
123 149 25
123 149 25
123 149 25
123 149 25
123 149 25
123 149 25
123 149 25
123 149 25
123 149 25
123 149 25
123 149 25
123 149 25
123 149 25
123 149 25
123 149 25
123 149 25
123 149 25
123 149 25
123 149 25
123 149 25
123 149 25
123 149 25
123 149 25
123 149 25
123 149 25
123 149 25
123 149 25
123 149 25
123 149 25
123 149 25
123 149 25
123 149 25
123 149 25
123 149 25
123 149 25
123 149 25
123 149 25
123 149 25
123 149 25
123 149 25
123 149 25
123 149 25
123 149 25
123 149 25
123 149 25
123 149 25
123 149 25
123 149 25
123 149 25
123 149 25
123 149 25
123 149 25
123 149 25
123 149 25
123 149 25
123 149 25
123 149 25
123 149 25
123 149 25
123 149 25
123 149 25
123 149 25
123 149 25
123 149 25
123 149 25
123 149 25
123 149 25
123 149 25
123 149 25
123 149 25
123 149 25
123 149 25
123 149 25
123 149 25
123 149 25
123 149 25
123 149 25
123 149 25
123 149 25
123 149 25
123 149 25
123 149 25
123 149 25
123 149 25
123 149 25
123 149 25
123 149 25
123 149 25
123 149 25
123 149 25
123 149 25
123 149 25
123 149 25
123 149 25
123 149 25
123 149 25
123 149 25
123 149 25
123 149 25
123 149 25
123 149 25
123 149 25
123 149 25
123 149 25
123 149 25
123 149 25
123 149 25
123 149 25
123 149 25
123 149 25
123 149 25
123 149 25
123 149 25
123 149 25
123 149 25
123 149 25
123 149 25
123 149 25
123 149 25
123 149 25
123 149 25
123 149 25
123 149 25
123 149 25
123 149 25
123 149 25
123 149 25
123 149 25
123 149 25
123 149 25
123 149 25
123 149 25
123 149 25
123 149 25
123 149 25
123 149 25
123 149 25
123 149 25
123 149 25
123 149 25
123 149 25
123 149 25
136 149 25
136 149 25
136 149 25
136 149 25
136 149 25
136 149 25
136 149 25
136 149 25
136 149 25
136 149 25
136 149 25
136 149 25
136 149 25
136 149 25
136 149 25
136 149 25
136 149 25
136 149 25
136 149 25
136 149 25
136 149 25
136 149 25
136 149 25
136 149 25
136 149 25
136 149 25
136 149 25
136 149 25
136 149 25
136 149 25
136 149 25
136 149 25
136 149 25
136 149 25
136 149 25
136 149 25
136 149 25
136 149 25
136 149 25
136 149 25
136 149 25
136 149 25
136 149 25
136 149 25
136 149 25
136 149 25
136 149 25
136 149 25
136 149 25
136 149 25
136 149 25
136 149 25
136 149 25
136 149 25
136 149 25
136 149 25
136 149 25
136 149 25
136 149 25
136 149 25
136 149 25
136 149 25
136 149 25
136 149 25
136 149 25
136 149 25
136 149 25
136 149 25
136 149 25
136 149 25
136 149 25
136 149 25
136 149 25
136 149 25
136 149 25
136 149 25
136 149 25
136 149 25
136 149 25
136 149 25
136 149 25
136 149 25
136 149 25
136 149 25
84 138 25
86 149 25
86 149 25
99 149 25
110 150 25
110 150 25
110 150 25
111 162 25
123 162 25
123 162 25
123 162 25
123 162 25
123 162 25
123 162 25
123 162 25
123 162 25
123 162 25
123 162 25
123 162 25
123 162 25
123 162 25
123 162 25
123 162 25
123 162 25
123 162 25
123 162 25
123 162 25
123 162 25
123 162 25
123 162 25
123 162 25
123 162 25
123 162 25
123 162 25
123 162 25
123 162 25
123 162 25
123 162 25
123 162 25
123 162 25
123 162 25
123 162 25
123 162 25
123 162 25
123 162 25
123 162 25
123 162 25
123 162 25
123 162 25
136 162 25
136 162 25
136 162 25
136 162 25
136 162 25
136 162 25
136 162 25
136 162 25
136 162 25
136 162 25
136 162 25
136 162 25
136 162 25
136 162 25
136 162 25
136 162 25
136 162 25
136 162 25
136 162 25
136 162 25
136 162 25
136 162 25
136 162 25
136 162 25
136 162 25
136 162 25
136 162 25
136 162 25
136 162 25
136 162 25
136 162 25
136 162 25
136 162 25
136 162 25
136 162 25
136 162 25
136 162 25
136 162 25
136 162 25
136 162 25
136 162 25
136 162 25
136 162 25
136 162 25
136 162 25
136 162 25
136 162 25
136 162 25
136 162 25
136 162 25
136 162 25
136 162 25
136 162 25
136 162 25
136 162 25
136 162 25
136 162 25
136 162 25
136 162 25
136 162 25
136 162 25
136 162 25
136 162 25
136 162 25
136 162 25
136 162 25
136 162 25
136 162 25
136 162 25
136 162 25
136 162 25
136 162 25
136 162 25
136 162 25
136 162 25
136 162 25
136 162 25
136 162 25
136 162 25
136 162 25
136 162 25
136 162 25
136 162 25
136 162 25
136 162 25
136 162 25
136 162 25
136 162 25
136 162 25
136 162 25
136 162 25
136 162 25
136 162 25
136 162 25
136 162 25
136 162 25
136 162 25
136 162 25
136 162 25
136 162 25
136 162 25
136 162 25
136 162 25
136 162 25
136 162 25
136 162 25
136 162 25
136 162 25
136 162 25
136 162 25
136 162 25
136 162 25
136 162 25
136 162 25
136 162 25
136 162 25
136 162 25
136 162 25
136 162 25
136 162 25
136 162 25
136 162 25
136 162 25
136 162 25
136 162 25
136 162 25
136 162 25
136 162 25
136 162 25
136 162 25
136 162 25
136 162 25
136 162 25
136 162 25
136 162 25
136 162 25
136 162 25
136 162 25
136 162 25
136 162 25
136 162 25
136 162 25
136 162 25
136 162 25
136 162 25
136 162 25
136 162 25
136 162 25
136 162 25
136 162 25
136 162 25
136 162 25
136 162 25
136 162 25
136 162 25
136 162 25
136 162 25
136 162 25
136 162 25
136 162 25
136 162 25
136 162 25
136 162 25
149 162 25
149 162 25
149 162 25
149 162 25
149 162 25
149 162 25
149 162 25
149 162 25
149 162 25
149 162 25
149 162 25
149 162 25
149 162 25
149 162 25
149 162 25
149 162 25
149 162 25
149 162 25
149 162 25
149 162 25
149 162 25
149 162 25
84 139 25
83 149 25
83 149 25
70 149 25
57 149 25
57 149 25
57 149 25
45 149 25
45 149 25
45 149 25
45 149 25
45 149 25
45 149 25
45 149 25
45 149 25
45 149 25
45 149 25
45 149 25
45 149 25
45 149 25
45 149 25
45 149 25
45 149 25
45 149 25
45 149 25
45 149 25
45 149 25
32 149 25
32 149 25
32 149 25
32 149 25
32 149 25
32 149 25
32 149 25
32 149 25
32 149 25
32 149 25
32 149 25
32 149 25
19 150 25
19 150 25
19 162 25
19 162 25
19 162 25
19 162 25
19 162 25
19 162 25
19 162 25
19 162 25
19 162 25
19 162 25
19 162 25
19 162 25
19 162 25
19 162 25
19 162 25
19 162 25
19 162 25
19 162 25
19 162 25
19 162 25
19 162 25
19 162 25
19 162 25
19 162 25
19 162 25
19 162 25
19 162 25
19 162 25
19 162 25
19 162 25
19 162 25
19 162 25
19 162 25
19 162 25
19 162 25
19 162 25
19 162 25
19 162 25
19 162 25
19 162 25
19 162 25
19 162 25
19 162 25
19 162 25
19 162 25
19 162 25
19 162 25
19 162 25
19 162 25
19 162 25
19 162 25
19 162 25
19 162 25
19 162 25
19 162 25
19 162 25
19 162 25
19 162 25
19 162 25
19 162 25
19 162 25
19 162 25
19 162 25
19 162 25
19 162 25
19 162 25
84 140 25
82 149 25
82 149 25
69 149 25
56 149 25
56 149 25
56 149 25
56 149 25
44 149 25
44 149 25
44 149 25
44 149 25
44 149 25
44 149 25
44 149 25
44 149 25
44 149 25
44 149 25
44 149 25
44 149 25
44 149 25
44 149 25
44 149 25
44 149 25
44 149 25
44 149 25
44 149 25
44 149 25
44 149 25
44 149 25
44 149 25
32 150 25
32 150 25
32 150 25
32 150 25
32 150 25
32 150 25
32 150 25
32 150 25
32 150 25
32 150 25
32 150 25
32 162 25
32 162 25
32 162 25
32 162 25
32 162 25
32 162 25
32 162 25
32 162 25
32 162 25
32 162 25
32 162 25
32 162 25
32 162 25
32 162 25
32 162 25
32 162 25
32 162 25
32 162 25
32 162 25
32 162 25
32 162 25
84 141 25
81 149 25
81 149 25
68 149 25
55 149 25
55 149 25
55 149 25
55 149 25
55 149 25
43 149 25
43 149 25
43 149 25
43 149 25
43 149 25
43 149 25
43 149 25
43 149 25
43 149 25
43 149 25
43 149 25
43 149 25
43 149 25
43 149 25
43 149 25
43 149 25
43 149 25
43 149 25
43 149 25
43 149 25
43 149 25
43 149 25
32 151 25
32 151 25
32 151 25
32 151 25
32 151 25
32 151 25
32 151 25
32 151 25
32 163 25
32 163 25
32 163 25
32 163 25
32 163 25
32 163 25
32 163 25
32 163 25
32 163 25
32 163 25
32 163 25
32 163 25
32 163 25
32 163 25
32 163 25
32 163 25
32 163 25
32 163 25
32 163 25
32 163 25
32 163 25
32 163 25
32 163 25
32 163 25
32 163 25
32 163 25
32 163 25
32 163 25
32 163 25
32 163 25
32 163 25
84 142 25
80 149 25
80 149 25
67 149 25
54 149 25
54 149 25
54 149 25
54 149 25
54 149 25
54 149 25
42 149 25
42 149 25
42 149 25
42 149 25
42 149 25
42 149 25
42 149 25
42 149 25
42 149 25
42 149 25
42 149 25
42 149 25
42 149 25
42 149 25
42 149 25
42 149 25
42 149 25
42 149 25
42 149 25
42 149 25
42 149 25
32 152 25
32 152 25
32 152 25
32 152 25
32 152 25
32 152 25
32 164 25
32 164 25
32 164 25
32 164 25
32 164 25
32 164 25
32 164 25
32 164 25
32 164 25
32 164 25
32 164 25
32 164 25
32 164 25
32 164 25
32 164 25
32 164 25
32 164 25
32 164 25
32 164 25
32 164 25
32 164 25
32 164 25
32 164 25
32 164 25
32 164 25
32 164 25
32 164 25
32 164 25
32 164 25
32 164 25
32 164 25
32 164 25
32 164 25
32 164 25
32 164 25
32 164 25
84 143 25
79 149 25
79 149 25
66 149 25
53 149 25
53 149 25
53 149 25
53 149 25
53 149 25
53 149 25
53 149 25
53 149 25
41 149 25
41 149 25
41 149 25
41 149 25
41 149 25
41 149 25
41 149 25
41 149 25
41 149 25
41 149 25
41 149 25
41 149 25
41 149 25
41 149 25
41 149 25
41 149 25
41 149 25
41 149 25
41 149 25
32 153 25
32 153 25
32 153 25
32 153 25
32 153 25
32 165 25
32 165 25
32 165 25
32 165 25
32 165 25
32 165 25
32 165 25
32 165 25
32 165 25
32 165 25
32 165 25
32 165 25
32 165 25
32 165 25
32 165 25
32 165 25
32 165 25
32 165 25
32 165 25
32 165 25
32 165 25
32 165 25
32 165 25
32 165 25
32 165 25
32 165 25
32 165 25
32 165 25
32 165 25
32 165 25
32 165 25
32 165 25
32 165 25
32 165 25
32 165 25
32 165 25
32 165 25
32 165 25
32 165 25
32 165 25
84 144 25
78 149 25
78 149 25
65 149 25
52 149 25
52 149 25
52 149 25
52 149 25
52 149 25
52 149 25
52 149 25
52 149 25
52 149 25
52 149 25
40 149 25
40 149 25
40 149 25
40 149 25
40 149 25
40 149 25
40 149 25
40 149 25
40 149 25
40 149 25
40 149 25
40 149 25
40 149 25
40 149 25
40 149 25
40 149 25
40 149 25
32 154 25
32 154 25
32 154 25
32 154 25
32 154 25
32 166 25
32 166 25
32 166 25
32 166 25
32 166 25
32 166 25
32 166 25
32 166 25
32 166 25
32 166 25
32 166 25
32 166 25
32 166 25
32 166 25
32 166 25
32 166 25
32 166 25
32 166 25
32 166 25
32 166 25
32 166 25
32 166 25
32 166 25
32 166 25
32 166 25
32 166 25
32 166 25
32 166 25
32 166 25
32 166 25
32 166 25
32 166 25
32 166 25
32 166 25
32 166 25
32 166 25
32 166 25
32 166 25
32 166 25
32 166 25
32 166 25
32 166 25
84 145 25
77 149 25
77 149 25
64 149 25
51 149 25
51 149 25
51 149 25
51 149 25
51 149 25
51 149 25
51 149 25
51 149 25
51 149 25
51 149 25
51 149 25
51 149 25
39 149 25
39 149 25
39 149 25
39 149 25
39 149 25
39 149 25
39 149 25
39 149 25
39 149 25
39 149 25
39 149 25
39 149 25
39 149 25
39 149 25
39 149 25
39 149 25
32 155 25
32 155 25
32 155 25
32 155 25
32 155 25
32 167 25
32 167 25
32 167 25
32 167 25
32 167 25
32 167 25
32 167 25
32 167 25
32 167 25
32 167 25
32 167 25
32 167 25
32 167 25
32 167 25
32 167 25
32 167 25
32 167 25
32 167 25
32 167 25
32 167 25
32 167 25
32 167 25
32 167 25
32 167 25
32 167 25
32 167 25
32 167 25
32 167 25
32 167 25
32 167 25
32 167 25
32 167 25
32 167 25
32 167 25
32 167 25
32 167 25
32 167 25
32 167 25
32 167 25
32 167 25
32 167 25
32 167 25
32 167 25
84 146 25
76 149 25
63 149 25
50 149 25
50 149 25
50 149 25
50 149 25
50 149 25
50 149 25
50 149 25
50 149 25
50 149 25
50 149 25
50 149 25
50 149 25
50 149 25
50 149 25
50 149 25
38 149 25
38 149 25
38 149 25
38 149 25
38 149 25
38 149 25
38 149 25
38 149 25
38 149 25
38 149 25
38 149 25
38 149 25
38 149 25
38 149 25
38 149 25
32 156 25
32 156 25
32 156 25
32 156 25
32 156 25
32 168 25
32 168 25
32 168 25
32 168 25
32 168 25
32 168 25
32 168 25
32 168 25
32 168 25
32 168 25
32 168 25
32 168 25
32 168 25
32 168 25
32 168 25
32 168 25
32 168 25
32 168 25
32 168 25
32 168 25
32 168 25
32 168 25
32 168 25
32 168 25
32 168 25
32 168 25
32 168 25
32 168 25
32 168 25
32 168 25
32 168 25
32 168 25
32 168 25
32 168 25
32 168 25
32 168 25
32 168 25
32 168 25
32 168 25
32 168 25
32 168 25
32 168 25
84 147 25
75 149 25
62 149 25
49 149 25
49 149 25
49 149 25
49 149 25
49 149 25
49 149 25
49 149 25
49 149 25
49 149 25
49 149 25
49 149 25
49 149 25
49 149 25
49 149 25
49 149 25
49 149 25
49 149 25
49 149 25
37 149 25
37 149 25
37 149 25
37 149 25
37 149 25
37 149 25
37 149 25
37 149 25
37 149 25
37 149 25
37 149 25
37 149 25
37 149 25
37 149 25
37 149 25
32 157 25
32 157 25
32 157 25
32 157 25
32 157 25
32 157 25
32 169 25
32 169 25
32 169 25
32 169 25
32 169 25
32 169 25
32 169 25
32 169 25
32 169 25
32 169 25
32 169 25
32 169 25
32 169 25
32 169 25
32 169 25
32 169 25
32 169 25
32 169 25
32 169 25
32 169 25
32 169 25
32 169 25
32 169 25
32 169 25
32 169 25
32 169 25
32 169 25
32 169 25
32 169 25
32 169 25
32 169 25
32 169 25
32 169 25
32 169 25
32 169 25
32 169 25
84 148 25
74 149 25
61 149 25
48 149 25
48 149 25
48 149 25
48 149 25
48 149 25
48 149 25
48 149 25
48 149 25
48 149 25
48 149 25
48 149 25
48 149 25
48 149 25
48 149 25
48 149 25
48 149 25
48 149 25
48 149 25
48 149 25
48 149 25
36 149 25
36 149 25
36 149 25
36 149 25
36 149 25
36 149 25
36 149 25
36 149 25
36 149 25
36 149 25
36 149 25
36 149 25
36 149 25
36 149 25
32 158 25
32 158 25
32 158 25
32 158 25
32 158 25
32 158 25
32 158 25
32 170 25
32 170 25
32 170 25
32 170 25
32 170 25
32 170 25
32 170 25
32 170 25
32 170 25
32 170 25
32 170 25
32 170 25
32 170 25
32 170 25
32 170 25
32 170 25
32 170 25
32 170 25
32 170 25
32 170 25
32 170 25
32 170 25
32 170 25
32 170 25
32 170 25
32 170 25
32 170 25
32 170 25
32 170 25
73 149 25
60 149 25
47 149 25
47 149 25
47 149 25
47 149 25
47 149 25
47 149 25
47 149 25
47 149 25
47 149 25
47 149 25
47 149 25
47 149 25
47 149 25
47 149 25
47 149 25
47 149 25
47 149 25
47 149 25
47 149 25
47 149 25
47 149 25
47 149 25
35 149 25
35 149 25
35 149 25
35 149 25
35 149 25
35 149 25
35 149 25
35 149 25
35 149 25
35 149 25
35 149 25
35 149 25
35 149 25
35 149 25
32 159 25
32 159 25
32 159 25
32 159 25
32 159 25
32 159 25
32 159 25
32 159 25
32 159 25
32 171 25
32 171 25
32 171 25
32 171 25
32 171 25
32 171 25
32 171 25
32 171 25
32 171 25
32 171 25
32 171 25
32 171 25
32 171 25
32 171 25
32 171 25
32 171 25
32 171 25
32 171 25
32 171 25
32 171 25
32 171 25
32 171 25
72 149 25
59 149 25
59 149 25
46 149 25
46 149 25
46 149 25
46 149 25
46 149 25
46 149 25
46 149 25
46 149 25
46 149 25
46 149 25
46 149 25
46 149 25
46 149 25
46 149 25
46 149 25
46 149 25
46 149 25
46 149 25
46 149 25
46 149 25
46 149 25
46 149 25
46 149 25
34 149 25
34 149 25
34 149 25
34 149 25
34 149 25
34 149 25
34 149 25
34 149 25
34 149 25
34 149 25
34 149 25
34 149 25
34 149 25
34 149 25
34 149 25
32 160 25
32 160 25
32 160 25
32 160 25
32 160 25
32 160 25
32 160 25
32 160 25
32 160 25
32 160 25
32 160 25
32 160 25
32 172 25
32 172 25
32 172 25
32 172 25
32 172 25
32 172 25
32 172 25
32 172 25
32 172 25
32 172 25
32 172 25
32 172 25
32 172 25
32 172 25
32 172 25
32 172 25
33 149 25
33 149 25
33 149 25
33 149 25
33 149 25
33 149 25
33 149 25
33 149 25
33 149 25
33 149 25
33 149 25
33 149 25
33 149 25
33 149 25
33 149 25
32 161 25
32 161 25
32 161 25
32 161 25
32 161 25
32 161 25
32 161 25
32 161 25
32 161 25
32 161 25
32 161 25
32 161 25
32 161 25
32 161 25
32 161 25
32 161 25
32 161 25
32 173 25
32 173 25
32 173 25
32 173 25
32 173 25
32 173 25
32 173 25
32 173 25
32 173 25
32 173 25
32 173 25
32 174 25
32 174 25
32 174 25
32 174 25
32 174 25
32 174 25
32 174 25
32 174 25
32 175 25
32 175 25
87 149 25
87 149 25
100 149 25
110 151 25
110 151 25
110 151 25
110 163 25
110 175 25
124 175 25
124 175 25
136 175 25
136 175 25
136 175 25
136 175 25
136 175 25
136 175 25
136 175 25
136 175 25
136 175 25
136 175 25
136 175 25
136 175 25
136 175 25
136 175 25
136 175 25
136 175 25
136 175 25
136 175 25
136 175 25
149 175 25
149 175 25
149 175 25
149 175 25
149 175 25
149 175 25
149 175 25
149 175 25
149 175 25
149 175 25
149 175 25
149 175 25
149 175 25
149 175 25
149 175 25
149 175 25
149 175 25
149 175 25
149 175 25
149 175 25
149 175 25
149 175 25
149 175 25
149 175 25
149 175 25
149 175 25
149 175 25
149 175 25
149 175 25
149 175 25
149 175 25
149 175 25
149 175 25
149 175 25
149 175 25
149 175 25
149 175 25
149 175 25
149 175 25
149 175 25
149 175 25
149 175 25
149 175 25
149 175 25
149 175 25
149 175 25
149 175 25
149 175 25
149 175 25
149 175 25
149 175 25
149 175 25
149 175 25
149 175 25
149 175 25
149 175 25
149 175 25
149 175 25
149 175 25
149 175 25
149 175 25
149 175 25
149 175 25
149 175 25
149 175 25
149 175 25
149 175 25
149 175 25
149 175 25
149 175 25
149 175 25
149 175 25
149 175 25
149 175 25
149 175 25
149 175 25
149 175 25
149 175 25
149 175 25
149 175 25
149 175 25
149 175 25
149 175 25
149 175 25
149 175 25
149 175 25
149 175 25
149 175 25
149 175 25
149 175 25
149 175 25
149 175 25
149 175 25
149 175 25
149 175 25
149 175 25
149 175 25
149 175 25
149 175 25
149 175 25
149 175 25
149 175 25
149 175 25
149 175 25
149 175 25
149 175 25
149 175 25
149 175 25
149 175 25
149 175 25
149 175 25
149 175 25
149 175 25
149 175 25
149 175 25
149 175 25
149 175 25
149 175 25
149 175 25
149 175 25
149 175 25
149 175 25
149 175 25
149 175 25
149 175 25
149 175 25
149 175 25
149 175 25
149 175 25
149 175 25
149 175 25
149 175 25
149 175 25
149 175 25
149 175 25
149 175 25
149 175 25
149 175 25
149 175 25
149 175 25
149 175 25
149 175 25
149 175 25
149 175 25
149 175 25
149 175 25
149 175 25
162 175 25
162 175 25
162 175 25
162 175 25
162 175 25
162 175 25
162 175 25
162 175 25
162 175 25
162 175 25
162 175 25
162 175 25
88 149 25
88 149 25
101 149 25
110 152 25
110 152 25
110 164 25
111 175 25
111 175 25
111 175 25
123 176 25
123 176 25
123 188 25
123 188 25
123 188 25
123 188 25
123 188 25
123 188 25
123 188 25
123 188 25
123 188 25
123 188 25
123 188 25
123 188 25
123 188 25
123 188 25
123 188 25
123 188 25
123 188 25
123 188 25
123 188 25
123 188 25
137 188 25
149 188 25
149 188 25
149 188 25
149 188 25
149 188 25
149 188 25
149 188 25
149 188 25
149 188 25
149 188 25
149 188 25
149 188 25
149 188 25
149 188 25
149 188 25
149 188 25
149 188 25
149 188 25
149 188 25
149 188 25
149 188 25
149 188 25
149 188 25
149 188 25
149 188 25
149 188 25
162 188 25
162 188 25
162 188 25
162 188 25
162 188 25
162 188 25
162 188 25
162 188 25
162 188 25
162 188 25
162 188 25
162 188 25
162 188 25
162 188 25
162 188 25
162 188 25
162 188 25
162 188 25
162 188 25
162 188 25
162 188 25
162 188 25
162 188 25
162 188 25
162 188 25
162 188 25
162 188 25
163 175 25
163 175 25
163 175 25
163 175 25
163 175 25
163 175 25
163 175 25
163 175 25
163 175 25
163 175 25
89 149 25
89 149 25
102 149 25
110 148 25
110 148 25
110 148 25
110 148 25
110 148 25
110 148 25
110 136 25
110 136 25
110 136 25
110 136 25
110 136 25
123 136 25
123 136 25
123 136 25
123 136 25
123 136 25
123 136 25
123 136 25
123 136 25
123 136 25
123 136 25
123 136 25
123 136 25
123 136 25
123 136 25
123 136 25
123 136 25
123 136 25
123 136 25
123 136 25
123 136 25
123 136 25
123 136 25
123 136 25
123 136 25
123 136 25
123 136 25
123 136 25
123 136 25
123 136 25
123 136 25
123 136 25
123 136 25
123 136 25
123 136 25
123 136 25
123 136 25
123 136 25
123 136 25
123 136 25
123 136 25
123 136 25
123 136 25
123 136 25
123 136 25
123 136 25
123 136 25
123 136 25
123 136 25
123 136 25
123 136 25
123 136 25
123 136 25
123 136 25
123 136 25
123 136 25
123 136 25
136 136 25
136 136 25
136 136 25
136 136 25
136 136 25
136 136 25
136 136 25
136 136 25
136 136 25
136 136 25
136 136 25
136 136 25
136 136 25
136 136 25
136 136 25
136 136 25
136 136 25
136 136 25
136 136 25
136 136 25
136 136 25
136 136 25
136 136 25
136 136 25
136 136 25
136 136 25
136 136 25
136 136 25
136 136 25
136 136 25
136 136 25
136 136 25
136 136 25
136 136 25
136 136 25
136 136 25
136 136 25
136 136 25
136 136 25
136 136 25
136 136 25
136 136 25
136 136 25
136 136 25
136 136 25
136 136 25
136 136 25
136 136 25
136 136 25
136 136 25
136 136 25
136 136 25
136 136 25
136 136 25
136 136 25
136 136 25
136 136 25
136 136 25
136 136 25
136 136 25
136 136 25
136 136 25
136 136 25
136 136 25
136 136 25
136 136 25
136 136 25
136 136 25
136 136 25
136 136 25
136 136 25
136 136 25
136 136 25
136 136 25
136 136 25
136 136 25
136 136 25
136 136 25
136 136 25
136 136 25
136 136 25
136 136 25
136 136 25
136 136 25
136 136 25
136 136 25
136 136 25
136 136 25
136 136 25
136 136 25
136 136 25
136 136 25
136 136 25
136 136 25
136 136 25
136 136 25
136 136 25
136 136 25
136 136 25
136 136 25
136 136 25
136 136 25
136 136 25
136 136 25
136 136 25
136 136 25
136 136 25
136 136 25
136 136 25
136 136 25
136 136 25
136 136 25
136 136 25
136 136 25
136 136 25
136 136 25
136 136 25
136 136 25
136 136 25
136 136 25
136 136 25
136 136 25
136 136 25
136 136 25
136 136 25
136 136 25
136 136 25
136 136 25
136 136 25
136 136 25
136 136 25
136 136 25
90 149 25
90 149 25
103 149 25
110 147 25
110 147 25
110 147 25
110 147 25
110 147 25
110 147 25
110 147 25
110 135 25
110 135 25
110 135 25
110 135 25
110 135 25
110 135 25
110 135 25
110 135 25
110 123 25
110 123 25
110 123 25
110 123 25
110 123 25
110 123 25
124 123 25
124 123 25
136 123 25
136 123 25
136 123 25
136 123 25
136 123 25
136 123 25
136 123 25
136 123 25
136 123 25
136 123 25
136 123 25
136 123 25
136 123 25
136 123 25
136 123 25
136 123 25
136 123 25
136 123 25
136 123 25
136 123 25
136 123 25
136 123 25
136 123 25
136 123 25
136 123 25
136 123 25
136 123 25
136 123 25
136 123 25
136 123 25
136 123 25
136 123 25
136 123 25
136 123 25
136 123 25
136 123 25
136 123 25
136 123 25
136 123 25
136 123 25
136 123 25
136 123 25
136 123 25
136 123 25
136 123 25
136 123 25
136 123 25
136 123 25
149 123 25
149 123 25
149 123 25
149 123 25
149 123 25
149 123 25
149 123 25
149 123 25
149 123 25
149 123 25
149 123 25
149 123 25
149 123 25
149 123 25
149 123 25
149 123 25
149 123 25
149 123 25
149 123 25
149 123 25
149 123 25
149 123 25
149 123 25
149 123 25
91 149 25
91 149 25
104 149 25
110 153 25
110 153 25
110 165 25
112 175 25
112 175 25
125 175 25
125 175 25
136 176 25
136 176 25
136 176 25
136 176 25
136 176 25
136 176 25
136 176 25
136 176 25
136 176 25
136 176 25
136 176 25
136 176 25
136 176 25
138 188 25
150 188 25
150 188 25
150 188 25
150 188 25
150 188 25
150 188 25
150 188 25
150 188 25
150 188 25
150 188 25
150 188 25
150 188 25
150 188 25
150 188 25
150 188 25
150 188 25
150 188 25
150 188 25
150 188 25
150 188 25
150 188 25
150 188 25
150 188 25
150 188 25
150 188 25
150 188 25
150 188 25
150 188 25
150 188 25
150 188 25
150 188 25
150 188 25
150 188 25
150 188 25
150 188 25
150 188 25
150 188 25
162 187 25
162 187 25
162 187 25
162 187 25
162 187 25
162 187 25
162 187 25
162 187 25
162 187 25
162 187 25
162 187 25
162 187 25
162 187 25
162 187 25
162 187 25
162 187 25
162 187 25
162 187 25
162 187 25
162 187 25
162 187 25
162 187 25
162 187 25
162 187 25
162 187 25
162 187 25
162 187 25
162 187 25
162 187 25
162 187 25
162 187 25
164 175 25
164 175 25
164 175 25
164 175 25
164 175 25
164 175 25
92 149 25
92 149 25
105 149 25
110 154 25
110 154 25
110 166 25
113 175 25
113 175 25
126 175 25
126 175 25
136 177 25
136 177 25
136 177 25
136 177 25
136 177 25
136 177 25
136 177 25
136 177 25
139 188 25
151 188 25
151 188 25
151 188 25
151 188 25
151 188 25
151 188 25
151 188 25
151 188 25
151 188 25
151 188 25
151 188 25
151 188 25
151 188 25
151 188 25
151 188 25
151 188 25
151 188 25
151 188 25
151 188 25
151 188 25
151 188 25
151 188 25
151 188 25
151 188 25
151 188 25
151 188 25
151 188 25
151 188 25
151 188 25
151 188 25
151 188 25
151 188 25
151 188 25
151 188 25
151 188 25
151 188 25
151 188 25
151 188 25
151 188 25
151 188 25
151 188 25
151 188 25
151 188 25
151 188 25
151 188 25
151 188 25
162 186 25
162 186 25
162 186 25
162 186 25
162 186 25
162 186 25
162 186 25
162 186 25
162 186 25
162 186 25
162 186 25
162 186 25
162 186 25
162 186 25
162 186 25
162 186 25
162 186 25
162 186 25
162 186 25
162 186 25
162 186 25
162 186 25
162 186 25
162 186 25
162 186 25
162 186 25
162 186 25
162 186 25
162 186 25
162 186 25
162 186 25
165 175 25
165 175 25
165 175 25
165 175 25
165 175 25
93 149 25
93 149 25
106 149 25
110 155 25
110 167 25
114 175 25
114 175 25
127 175 25
127 175 25
136 178 25
136 178 25
136 178 25
136 178 25
140 188 25
152 188 25
152 188 25
152 188 25
152 188 25
152 188 25
152 188 25
152 188 25
152 188 25
152 188 25
152 188 25
152 188 25
152 188 25
152 188 25
152 188 25
152 188 25
152 188 25
152 188 25
152 188 25
152 188 25
152 188 25
152 188 25
152 188 25
152 188 25
152 188 25
152 188 25
152 188 25
152 188 25
152 188 25
152 188 25
152 188 25
152 188 25
152 188 25
152 188 25
152 188 25
152 188 25
152 188 25
152 188 25
152 188 25
152 188 25
152 188 25
152 188 25
152 188 25
152 188 25
152 188 25
152 188 25
152 188 25
152 188 25
152 188 25
152 188 25
152 188 25
152 188 25
152 188 25
152 188 25
152 188 25
152 188 25
152 188 25
162 185 25
162 185 25
162 185 25
162 185 25
162 185 25
162 185 25
162 185 25
162 185 25
162 185 25
162 185 25
162 185 25
162 185 25
162 185 25
162 185 25
162 185 25
162 185 25
162 185 25
162 185 25
162 185 25
162 185 25
162 185 25
162 185 25
162 185 25
162 185 25
162 185 25
162 185 25
162 185 25
162 185 25
162 185 25
166 175 25
166 175 25
166 175 25
94 149 25
94 149 25
107 149 25
107 149 25
110 156 25
110 168 25
115 175 25
128 175 25
128 175 25
136 179 25
136 179 25
136 179 25
141 188 25
141 188 25
153 188 25
153 188 25
153 188 25
153 188 25
153 188 25
153 188 25
153 188 25
153 188 25
153 188 25
153 188 25
153 188 25
153 188 25
153 188 25
153 188 25
153 188 25
153 188 25
153 188 25
153 188 25
153 188 25
153 188 25
153 188 25
153 188 25
153 188 25
153 188 25
153 188 25
153 188 25
153 188 25
153 188 25
153 188 25
153 188 25
153 188 25
153 188 25
153 188 25
153 188 25
153 188 25
153 188 25
153 188 25
153 188 25
153 188 25
153 188 25
153 188 25
153 188 25
153 188 25
153 188 25
153 188 25
153 188 25
153 188 25
153 188 25
153 188 25
153 188 25
153 188 25
153 188 25
153 188 25
153 188 25
153 188 25
153 188 25
153 188 25
153 188 25
153 188 25
153 188 25
153 188 25
153 188 25
153 188 25
153 188 25
153 188 25
162 184 25
162 184 25
162 184 25
162 184 25
162 184 25
162 184 25
162 184 25
162 184 25
162 184 25
162 184 25
162 184 25
162 184 25
162 184 25
162 184 25
162 184 25
162 184 25
162 184 25
162 184 25
162 184 25
162 184 25
162 184 25
162 184 25
162 184 25
162 184 25
162 184 25
162 184 25
162 184 25
162 184 25
167 175 25
167 175 25
167 175 25
95 149 25
95 149 25
108 149 25
108 149 25
110 157 25
110 169 25
116 175 25
129 175 25
129 175 25
129 175 25
136 180 25
136 180 25
142 188 25
142 188 25
154 188 25
154 188 25
154 188 25
154 188 25
154 188 25
154 188 25
154 188 25
154 188 25
154 188 25
154 188 25
154 188 25
154 188 25
154 188 25
154 188 25
154 188 25
154 188 25
154 188 25
154 188 25
154 188 25
154 188 25
154 188 25
154 188 25
154 188 25
154 188 25
154 188 25
154 188 25
154 188 25
154 188 25
154 188 25
154 188 25
154 188 25
154 188 25
154 188 25
154 188 25
154 188 25
154 188 25
154 188 25
154 188 25
154 188 25
154 188 25
154 188 25
154 188 25
154 188 25
154 188 25
154 188 25
154 188 25
154 188 25
154 188 25
154 188 25
154 188 25
154 188 25
154 188 25
154 188 25
154 188 25
154 188 25
154 188 25
154 188 25
154 188 25
154 188 25
154 188 25
154 188 25
154 188 25
154 188 25
154 188 25
154 188 25
154 188 25
154 188 25
154 188 25
154 188 25
154 188 25
154 188 25
162 183 25
162 183 25
162 183 25
162 183 25
162 183 25
162 183 25
162 183 25
162 183 25
162 183 25
162 183 25
162 183 25
162 183 25
162 183 25
162 183 25
162 183 25
162 183 25
162 183 25
162 183 25
162 183 25
162 183 25
162 183 25
162 183 25
162 183 25
162 183 25
162 183 25
168 175 25
168 175 25
96 149 25
109 149 25
109 149 25
109 149 25
110 158 25
110 170 25
117 175 25
130 175 25
130 175 25
130 175 25
136 181 25
136 181 25
143 188 25
143 188 25
143 188 25
155 188 25
155 188 25
155 188 25
155 188 25
155 188 25
155 188 25
155 188 25
155 188 25
155 188 25
155 188 25
155 188 25
155 188 25
155 188 25
155 188 25
155 188 25
155 188 25
155 188 25
155 188 25
155 188 25
155 188 25
155 188 25
155 188 25
155 188 25
155 188 25
155 188 25
155 188 25
155 188 25
155 188 25
155 188 25
155 188 25
155 188 25
155 188 25
155 188 25
155 188 25
155 188 25
155 188 25
155 188 25
155 188 25
155 188 25
155 188 25
155 188 25
155 188 25
155 188 25
155 188 25
155 188 25
155 188 25
155 188 25
155 188 25
155 188 25
155 188 25
155 188 25
155 188 25
155 188 25
155 188 25
155 188 25
155 188 25
155 188 25
155 188 25
155 188 25
155 188 25
155 188 25
155 188 25
155 188 25
155 188 25
155 188 25
155 188 25
155 188 25
155 188 25
155 188 25
155 188 25
155 188 25
155 188 25
155 188 25
155 188 25
155 188 25
155 188 25
162 182 25
162 182 25
162 182 25
162 182 25
162 182 25
162 182 25
162 182 25
162 182 25
162 182 25
162 182 25
162 182 25
162 182 25
162 182 25
162 182 25
162 182 25
162 182 25
162 182 25
162 182 25
162 182 25
162 182 25
162 182 25
162 182 25
169 175 25
169 175 25
110 159 25
110 171 25
118 175 25
131 175 25
131 175 25
131 175 25
131 175 25
136 182 25
144 188 25
144 188 25
144 188 25
144 188 25
144 188 25
156 188 25
156 188 25
156 188 25
156 188 25
156 188 25
156 188 25
156 188 25
156 188 25
156 188 25
156 188 25
156 188 25
156 188 25
156 188 25
156 188 25
156 188 25
156 188 25
156 188 25
156 188 25
156 188 25
156 188 25
156 188 25
156 188 25
156 188 25
156 188 25
156 188 25
156 188 25
156 188 25
156 188 25
156 188 25
156 188 25
156 188 25
156 188 25
156 188 25
156 188 25
156 188 25
156 188 25
156 188 25
156 188 25
156 188 25
156 188 25
156 188 25
156 188 25
156 188 25
156 188 25
156 188 25
156 188 25
156 188 25
156 188 25
156 188 25
156 188 25
156 188 25
156 188 25
156 188 25
156 188 25
156 188 25
156 188 25
156 188 25
156 188 25
156 188 25
156 188 25
156 188 25
156 188 25
156 188 25
156 188 25
156 188 25
156 188 25
156 188 25
156 188 25
156 188 25
156 188 25
156 188 25
156 188 25
156 188 25
156 188 25
156 188 25
156 188 25
162 181 25
162 181 25
162 181 25
162 181 25
162 181 25
162 181 25
162 181 25
162 181 25
162 181 25
162 181 25
162 181 25
162 181 25
162 181 25
162 181 25
162 181 25
162 181 25
162 181 25
162 181 25
162 181 25
162 181 25
170 175 25
170 175 25
110 160 25
110 172 25
110 172 25
119 175 25
132 175 25
132 175 25
132 175 25
132 175 25
132 175 25
136 183 25
145 188 25
145 188 25
145 188 25
145 188 25
145 188 25
145 188 25
145 188 25
157 188 25
157 188 25
157 188 25
157 188 25
157 188 25
157 188 25
157 188 25
157 188 25
157 188 25
157 188 25
157 188 25
157 188 25
157 188 25
157 188 25
157 188 25
157 188 25
157 188 25
157 188 25
157 188 25
157 188 25
157 188 25
157 188 25
157 188 25
157 188 25
157 188 25
157 188 25
157 188 25
157 188 25
157 188 25
157 188 25
157 188 25
157 188 25
157 188 25
157 188 25
157 188 25
157 188 25
157 188 25
157 188 25
157 188 25
157 188 25
157 188 25
157 188 25
157 188 25
157 188 25
157 188 25
157 188 25
157 188 25
157 188 25
157 188 25
157 188 25
157 188 25
157 188 25
157 188 25
157 188 25
157 188 25
157 188 25
157 188 25
157 188 25
157 188 25
157 188 25
157 188 25
157 188 25
157 188 25
157 188 25
157 188 25
157 188 25
157 188 25
157 188 25
157 188 25
157 188 25
157 188 25
157 188 25
157 188 25
157 188 25
162 180 25
162 180 25
162 180 25
162 180 25
162 180 25
162 180 25
162 180 25
162 180 25
162 180 25
162 180 25
162 180 25
162 180 25
162 180 25
162 180 25
162 180 25
162 180 25
162 180 25
162 180 25
171 175 25
110 161 25
110 173 25
110 173 25
120 175 25
133 175 25
133 175 25
133 175 25
133 175 25
133 175 25
133 175 25
133 175 25
133 175 25
136 184 25
146 188 25
146 188 25
146 188 25
146 188 25
146 188 25
146 188 25
146 188 25
146 188 25
146 188 25
146 188 25
146 188 25
158 188 25
158 188 25
158 188 25
158 188 25
158 188 25
158 188 25
158 188 25
158 188 25
158 188 25
158 188 25
158 188 25
158 188 25
158 188 25
158 188 25
158 188 25
158 188 25
158 188 25
158 188 25
158 188 25
158 188 25
158 188 25
158 188 25
158 188 25
158 188 25
158 188 25
158 188 25
158 188 25
158 188 25
158 188 25
158 188 25
158 188 25
158 188 25
158 188 25
158 188 25
158 188 25
158 188 25
158 188 25
158 188 25
158 188 25
158 188 25
158 188 25
158 188 25
158 188 25
158 188 25
158 188 25
158 188 25
158 188 25
158 188 25
158 188 25
158 188 25
158 188 25
158 188 25
158 188 25
158 188 25
158 188 25
158 188 25
158 188 25
158 188 25
158 188 25
158 188 25
158 188 25
158 188 25
158 188 25
158 188 25
158 188 25
158 188 25
158 188 25
158 188 25
162 179 25
162 179 25
162 179 25
162 179 25
162 179 25
162 179 25
162 179 25
162 179 25
162 179 25
162 179 25
162 179 25
162 179 25
162 179 25
162 179 25
162 179 25
162 179 25
172 175 25
110 174 25
110 174 25
110 174 25
121 175 25
134 175 25
134 175 25
134 175 25
134 175 25
134 175 25
134 175 25
134 175 25
134 175 25
134 175 25
134 175 25
134 175 25
136 185 25
147 188 25
147 188 25
147 188 25
147 188 25
147 188 25
147 188 25
147 188 25
147 188 25
147 188 25
147 188 25
147 188 25
147 188 25
147 188 25
147 188 25
147 188 25
147 188 25
159 188 25
159 188 25
159 188 25
159 188 25
159 188 25
159 188 25
159 188 25
159 188 25
159 188 25
159 188 25
159 188 25
159 188 25
159 188 25
159 188 25
159 188 25
159 188 25
159 188 25
159 188 25
159 188 25
159 188 25
159 188 25
159 188 25
159 188 25
159 188 25
159 188 25
159 188 25
159 188 25
159 188 25
159 188 25
159 188 25
159 188 25
159 188 25
159 188 25
159 188 25
159 188 25
159 188 25
159 188 25
159 188 25
159 188 25
159 188 25
159 188 25
159 188 25
159 188 25
159 188 25
159 188 25
159 188 25
159 188 25
159 188 25
159 188 25
159 188 25
159 188 25
159 188 25
159 188 25
159 188 25
159 188 25
159 188 25
159 188 25
159 188 25
159 188 25
162 178 25
162 178 25
162 178 25
162 178 25
162 178 25
162 178 25
162 178 25
162 178 25
162 178 25
162 178 25
162 178 25
162 178 25
162 178 25
162 178 25
162 178 25
173 175 25
122 175 25
122 175 25
135 175 25
135 175 25
135 175 25
135 175 25
135 175 25
135 175 25
135 175 25
135 175 25
135 175 25
135 175 25
135 175 25
135 175 25
135 175 25
135 175 25
135 175 25
135 175 25
136 186 25
148 188 25
148 188 25
148 188 25
148 188 25
148 188 25
148 188 25
148 188 25
148 188 25
148 188 25
148 188 25
148 188 25
148 188 25
148 188 25
148 188 25
148 188 25
148 188 25
148 188 25
148 188 25
148 188 25
148 188 25
148 188 25
148 188 25
160 188 25
160 188 25
160 188 25
160 188 25
160 188 25
160 188 25
160 188 25
160 188 25
160 188 25
160 188 25
160 188 25
160 188 25
160 188 25
160 188 25
160 188 25
160 188 25
160 188 25
160 188 25
160 188 25
160 188 25
160 188 25
160 188 25
160 188 25
160 188 25
160 188 25
160 188 25
160 188 25
160 188 25
160 188 25
160 188 25
160 188 25
160 188 25
160 188 25
160 188 25
160 188 25
160 188 25
160 188 25
160 188 25
160 188 25
160 188 25
160 188 25
160 188 25
160 188 25
160 188 25
160 188 25
160 188 25
160 188 25
160 188 25
160 188 25
162 177 25
162 177 25
162 177 25
162 177 25
162 177 25
162 177 25
162 177 25
162 177 25
162 177 25
162 177 25
162 177 25
162 177 25
162 177 25
162 177 25
174 175 25
136 187 25
161 188 25
161 188 25
161 188 25
161 188 25
161 188 25
161 188 25
161 188 25
161 188 25
161 188 25
161 188 25
161 188 25
161 188 25
161 188 25
161 188 25
161 188 25
161 188 25
161 188 25
161 188 25
161 188 25
161 188 25
161 188 25
161 188 25
161 188 25
161 188 25
161 188 25
161 188 25
161 188 25
161 188 25
161 188 25
161 188 25
161 188 25
161 188 25
161 188 25
161 188 25
161 188 25
161 188 25
161 188 25
161 188 25
161 188 25
162 176 25
162 176 25
162 176 25
162 176 25
162 176 25
162 176 25
162 176 25
162 176 25
162 176 25
162 176 25
162 176 25
162 176 25
162 176 25
162 176 25
162 174 25
162 174 25
162 174 25
162 174 25
162 174 25
162 174 25
162 174 25
162 174 25
162 174 25
162 174 25
162 174 25
162 174 25
162 174 25
162 174 25
162 174 25
162 174 25
162 162 25
162 162 25
162 162 25
162 162 25
162 162 25
162 162 25
162 162 25
162 162 25
162 162 25
162 162 25
162 162 25
162 162 25
162 162 25
162 162 25
162 162 25
162 162 25
162 162 25
162 162 25
162 162 25
162 162 25
162 173 25
162 173 25
162 173 25
162 173 25
162 173 25
162 173 25
162 173 25
162 173 25
162 173 25
162 173 25
162 173 25
162 173 25
162 173 25
162 173 25
162 173 25
162 173 25
162 173 25
162 161 25
162 161 25
162 161 25
162 161 25
162 161 25
162 161 25
162 161 25
162 161 25
162 161 25
162 161 25
162 161 25
162 161 25
162 161 25
162 161 25
162 161 25
162 161 25
162 161 25
162 161 25
162 161 25
162 161 25
162 161 25
162 161 25
162 161 25
162 161 25
162 172 25
162 172 25
162 172 25
162 172 25
162 172 25
162 172 25
162 172 25
162 172 25
162 172 25
162 172 25
162 172 25
162 172 25
162 172 25
162 172 25
162 172 25
162 172 25
162 172 25
162 172 25
162 160 25
162 160 25
162 160 25
162 160 25
162 160 25
162 160 25
162 160 25
162 160 25
162 160 25
162 160 25
162 160 25
162 160 25
162 160 25
162 160 25
162 160 25
162 160 25
162 160 25
162 160 25
162 160 25
162 160 25
162 160 25
162 160 25
162 160 25
162 160 25
162 160 25
162 171 25
162 171 25
162 171 25
162 171 25
162 171 25
162 171 25
162 171 25
162 171 25
162 171 25
162 171 25
162 171 25
162 171 25
162 171 25
162 171 25
162 171 25
162 171 25
162 171 25
162 171 25
162 171 25
162 159 25
162 159 25
162 159 25
162 159 25
162 159 25
162 159 25
162 159 25
162 159 25
162 159 25
162 159 25
162 159 25
162 159 25
162 159 25
162 159 25
162 159 25
162 159 25
162 159 25
162 159 25
162 159 25
162 159 25
162 159 25
162 159 25
162 159 25
162 159 25
162 159 25
162 159 25
162 170 25
162 170 25
162 170 25
162 170 25
162 170 25
162 170 25
162 170 25
162 170 25
162 170 25
162 170 25
162 170 25
162 170 25
162 170 25
162 170 25
162 170 25
162 170 25
162 170 25
162 170 25
162 170 25
162 170 25
162 158 25
162 158 25
162 158 25
162 158 25
162 158 25
162 158 25
162 158 25
162 158 25
162 158 25
162 158 25
162 158 25
162 158 25
162 158 25
162 158 25
162 158 25
162 158 25
162 158 25
162 158 25
162 158 25
162 158 25
162 158 25
162 158 25
162 158 25
162 158 25
162 158 25
162 158 25
162 169 25
162 169 25
162 169 25
162 169 25
162 169 25
162 169 25
162 169 25
162 169 25
162 169 25
162 169 25
162 169 25
162 169 25
162 169 25
162 169 25
162 169 25
162 169 25
162 169 25
162 169 25
162 169 25
162 169 25
162 169 25
162 157 25
162 157 25
162 157 25
162 157 25
162 157 25
162 157 25
162 157 25
162 157 25
162 157 25
162 157 25
162 157 25
162 157 25
162 157 25
162 157 25
162 157 25
162 157 25
162 157 25
162 157 25
162 157 25
162 157 25
162 157 25
162 157 25
162 157 25
162 157 25
162 157 25
162 157 25
162 168 25
162 168 25
162 168 25
162 168 25
162 168 25
162 168 25
162 168 25
162 168 25
162 168 25
162 168 25
162 168 25
162 168 25
162 168 25
162 168 25
162 168 25
162 168 25
162 168 25
162 168 25
162 168 25
162 168 25
162 168 25
162 168 25
162 156 25
162 156 25
162 156 25
162 156 25
162 156 25
162 156 25
162 156 25
162 156 25
162 156 25
162 156 25
162 156 25
162 156 25
162 156 25
162 156 25
162 156 25
162 156 25
162 156 25
162 156 25
162 156 25
162 156 25
162 156 25
162 156 25
162 156 25
162 156 25
162 156 25
162 167 25
162 167 25
162 167 25
162 167 25
162 167 25
162 167 25
162 167 25
162 167 25
162 167 25
162 167 25
162 167 25
162 167 25
162 167 25
162 167 25
162 167 25
162 167 25
162 167 25
162 167 25
162 167 25
162 167 25
162 167 25
162 167 25
162 155 25
162 155 25
162 155 25
162 155 25
162 155 25
162 155 25
162 155 25
162 155 25
162 155 25
162 155 25
162 155 25
162 155 25
162 155 25
162 155 25
162 155 25
162 155 25
162 155 25
162 155 25
162 155 25
162 155 25
162 155 25
162 155 25
162 155 25
162 155 25
162 166 25
162 166 25
162 166 25
162 166 25
162 166 25
162 166 25
162 166 25
162 166 25
162 166 25
162 166 25
162 166 25
162 166 25
162 166 25
162 166 25
162 166 25
162 166 25
162 166 25
162 166 25
162 166 25
162 166 25
162 166 25
162 166 25
162 154 25
162 154 25
162 154 25
162 154 25
162 154 25
162 154 25
162 154 25
162 154 25
162 154 25
162 154 25
162 154 25
162 154 25
162 154 25
162 154 25
162 154 25
162 154 25
162 154 25
162 154 25
162 154 25
162 154 25
162 154 25
162 154 25
162 165 25
162 165 25
162 165 25
162 165 25
162 165 25
162 165 25
162 165 25
162 165 25
162 165 25
162 165 25
162 165 25
162 165 25
162 165 25
162 165 25
162 165 25
162 165 25
162 165 25
162 165 25
162 165 25
162 165 25
162 165 25
162 165 25
162 153 25
162 153 25
162 153 25
162 153 25
162 153 25
162 153 25
162 153 25
162 153 25
162 153 25
162 153 25
162 153 25
162 153 25
162 153 25
162 153 25
162 153 25
162 153 25
162 153 25
162 153 25
162 153 25
162 153 25
162 164 25
162 164 25
162 164 25
162 164 25
162 164 25
162 164 25
162 164 25
162 164 25
162 164 25
162 164 25
162 164 25
162 164 25
162 164 25
162 164 25
162 164 25
162 164 25
162 164 25
162 164 25
162 164 25
162 164 25
162 164 25
162 164 25
162 152 25
162 152 25
162 152 25
162 152 25
162 152 25
162 152 25
162 152 25
162 152 25
162 152 25
162 152 25
162 152 25
162 152 25
162 152 25
162 152 25
162 152 25
162 152 25
162 152 25
162 152 25
162 163 25
162 163 25
162 163 25
162 163 25
162 163 25
162 163 25
162 163 25
162 163 25
162 163 25
162 163 25
162 163 25
162 163 25
162 163 25
162 163 25
162 163 25
162 163 25
162 163 25
162 163 25
162 163 25
162 163 25
162 163 25
162 163 25
162 163 25
162 151 25
162 151 25
162 151 25
162 151 25
162 151 25
162 151 25
162 151 25
162 151 25
162 151 25
162 151 25
162 151 25
162 151 25
162 151 25
162 151 25
162 151 25
162 150 25
162 150 25
162 150 25
162 150 25
162 150 25
162 150 25
162 150 25
162 150 25
162 150 25
162 150 25
162 150 25
162 150 25
162 150 25
162 149 25
162 149 25
162 149 25
162 149 25
162 149 25
162 149 25
162 149 25
179 170 22
175 170 22
175 170 22
178 170 22
178 170 22
175 171 22
175 171 22
177 170 22
177 170 22
175 172 22
175 172 22
176 170 22
176 170 22
175 173 22
175 174 22
28 182 22
28 175 22
28 175 22
28 175 22
28 175 22
28 175 22
28 175 22
28 181 22
29 175 22
29 175 22
29 175 22
29 175 22
29 175 22
29 175 22
28 180 22
30 175 22
30 175 22
30 175 22
30 175 22
30 175 22
30 175 22
28 179 22
31 175 22
31 175 22
31 175 22
31 175 22
31 175 22
31 175 22
28 178 22
28 178 22
28 177 22
28 177 22
28 176 22
28 176 22
28 176 22
28 176 22
79 100 22
79 99 22
79 99 22
79 98 22
79 98 22
194 15 22
188 15 22
193 15 22
188 16 22
188 16 22
192 15 22
188 17 22
188 17 22
191 15 22
188 18 22
188 18 22
190 15 22
189 15 22
24 102 22
24 102 22
24 102 22
32 102 22
32 102 22
32 102 22
32 102 22
32 102 22
32 102 22
32 102 22
32 102 22
32 102 22
32 102 22
32 102 22
25 102 22
25 102 22
25 102 22
25 102 22
32 101 22
32 101 22
32 101 22
32 101 22
32 101 22
32 101 22
32 101 22
32 101 22
26 102 22
26 102 22
26 102 22
26 102 22
26 102 22
32 100 22
32 100 22
32 100 22
32 100 22
32 100 22
32 100 22
27 102 22
27 102 22
27 102 22
27 102 22
27 102 22
27 102 22
32 99 22
32 99 22
32 99 22
32 99 22
32 99 22
28 102 22
28 102 22
28 102 22
28 102 22
28 102 22
28 102 22
28 102 22
32 98 22
32 98 22
32 98 22
32 98 22
32 98 22
29 102 22
29 102 22
29 102 22
29 102 22
29 102 22
29 102 22
29 102 22
29 102 22
30 102 22
30 102 22
30 102 22
30 102 22
30 102 22
30 102 22
30 102 22
30 102 22
30 102 22
30 102 22
31 102 22
31 102 22
31 102 22
31 102 22
31 102 22
31 102 22
31 102 22
31 102 22
31 102 22
31 102 22
31 102 22
81 141 22
82 141 22
83 141 22
151 145 22
162 145 22
162 145 22
162 145 22
162 145 22
162 145 22
152 145 22
162 146 22
162 146 22
162 146 22
162 146 22
162 146 22
162 146 22
153 145 22
162 147 22
162 147 22
162 147 22
162 147 22
162 147 22
162 147 22
162 147 22
162 147 22
154 145 22
162 148 22
162 148 22
162 148 22
162 148 22
162 148 22
162 148 22
162 148 22
162 148 22
162 148 22
155 145 22
156 145 22
157 145 22
157 145 22
158 145 22
158 145 22
159 145 22
159 145 22
160 145 22
160 145 22
160 145 22
161 145 22
161 145 22
161 145 22
161 145 22
53 36 22
53 36 22
53 36 22
53 45 22
53 45 22
53 45 22
53 45 22
53 45 22
53 45 22
53 45 22
53 45 22
53 45 22
53 45 22
53 45 22
53 45 22
53 45 22
53 45 22
53 45 22
53 45 22
53 45 22
53 45 22
53 45 22
53 45 22
53 45 22
53 45 22
53 45 22
53 45 22
53 45 22
53 45 22
53 45 22
53 45 22
53 45 22
53 45 22
53 45 22
53 45 22
53 45 22
53 37 22
53 37 22
53 37 22
53 37 22
54 45 22
54 45 22
54 45 22
54 45 22
54 45 22
54 45 22
54 45 22
54 45 22
54 45 22
54 45 22
54 45 22
54 45 22
54 45 22
54 45 22
54 45 22
54 45 22
54 45 22
54 45 22
54 45 22
54 45 22
54 45 22
54 45 22
54 45 22
54 45 22
54 45 22
54 45 22
54 45 22
54 45 22
54 45 22
54 45 22
54 45 22
54 45 22
54 45 22
54 45 22
54 45 22
54 45 22
54 45 22
54 45 22
54 45 22
54 45 22
54 45 22
53 38 22
53 38 22
53 38 22
53 38 22
53 38 22
55 45 22
55 45 22
55 45 22
55 45 22
55 45 22
55 45 22
55 45 22
55 45 22
55 45 22
55 45 22
55 45 22
55 45 22
55 45 22
55 45 22
55 45 22
55 45 22
55 45 22
55 45 22
55 45 22
55 45 22
55 45 22
55 45 22
55 45 22
55 45 22
55 45 22
55 45 22
55 45 22
55 45 22
55 45 22
55 45 22
55 45 22
55 45 22
55 45 22
55 45 22
55 45 22
55 45 22
55 45 22
55 45 22
55 45 22
55 45 22
55 45 22
55 45 22
55 45 22
55 45 22
55 45 22
55 45 22
55 45 22
55 45 22
55 45 22
53 39 22
53 39 22
53 39 22
53 39 22
53 39 22
53 39 22
53 39 22
56 45 22
56 45 22
56 45 22
56 45 22
56 45 22
56 45 22
56 45 22
56 45 22
56 45 22
56 45 22
56 45 22
56 45 22
56 45 22
56 45 22
56 45 22
56 45 22
56 45 22
56 45 22
56 45 22
56 45 22
56 45 22
56 45 22
56 45 22
56 45 22
56 45 22
56 45 22
56 45 22
56 45 22
56 45 22
56 45 22
56 45 22
56 45 22
56 45 22
56 45 22
56 45 22
56 45 22
56 45 22
56 45 22
56 45 22
56 45 22
56 45 22
56 45 22
56 45 22
56 45 22
56 45 22
56 45 22
56 45 22
56 45 22
56 45 22
56 45 22
56 45 22
56 45 22
56 45 22
56 45 22
56 45 22
56 45 22
56 45 22
53 40 22
53 40 22
53 40 22
53 40 22
53 40 22
53 40 22
53 40 22
53 40 22
53 40 22
53 40 22
57 45 22
57 45 22
57 45 22
57 45 22
57 45 22
57 45 22
57 45 22
57 45 22
57 45 22
57 45 22
57 45 22
57 45 22
57 45 22
57 45 22
57 45 22
57 45 22
57 45 22
57 45 22
57 45 22
57 45 22
57 45 22
57 45 22
57 45 22
57 45 22
57 45 22
57 45 22
57 45 22
57 45 22
57 45 22
57 45 22
57 45 22
57 45 22
57 45 22
57 45 22
57 45 22
57 45 22
57 45 22
57 45 22
57 45 22
57 45 22
57 45 22
57 45 22
57 45 22
57 45 22
57 45 22
57 45 22
57 45 22
57 45 22
57 45 22
57 45 22
57 45 22
57 45 22
57 45 22
57 45 22
57 45 22
57 45 22
57 45 22
57 45 22
57 45 22
57 45 22
57 45 22
57 45 22
57 45 22
57 45 22
53 41 22
53 41 22
53 41 22
53 41 22
53 41 22
53 41 22
53 41 22
53 41 22
53 41 22
53 41 22
53 41 22
53 41 22
53 41 22
53 41 22
53 42 22
53 42 22
53 42 22
53 42 22
53 42 22
53 42 22
53 42 22
53 42 22
53 42 22
53 42 22
53 42 22
53 42 22
53 42 22
53 42 22
53 42 22
53 42 22
53 42 22
53 42 22
53 42 22
53 43 22
53 43 22
53 43 22
53 43 22
53 43 22
53 43 22
53 43 22
53 43 22
53 43 22
53 43 22
53 43 22
53 43 22
53 43 22
53 43 22
53 43 22
53 43 22
53 43 22
53 43 22
53 43 22
53 43 22
53 43 22
53 43 22
53 43 22
53 43 22
53 44 22
53 44 22
53 44 22
53 44 22
53 44 22
53 44 22
53 44 22
53 44 22
53 44 22
53 44 22
53 44 22
53 44 22
53 44 22
53 44 22
53 44 22
53 44 22
53 44 22
53 44 22
53 44 22
53 44 22
53 44 22
53 44 22
53 44 22
53 44 22
53 44 22
53 44 22
53 44 22
53 44 22
53 44 22
105 45 22
105 45 22
105 45 22
105 45 22
105 45 22
105 45 22
105 45 22
105 45 22
105 45 22
105 45 22
105 45 22
105 45 22
105 45 22
105 45 22
105 45 22
105 45 22
105 45 22
105 45 22
105 45 22
105 45 22
105 45 22
105 45 22
105 45 22
105 45 22
105 45 22
105 45 22
105 45 22
106 45 22
106 45 22
106 45 22
106 45 22
106 45 22
106 45 22
106 45 22
106 45 22
106 45 22
106 45 22
106 45 22
106 45 22
106 45 22
106 45 22
106 45 22
106 45 22
106 45 22
106 45 22
106 45 22
106 45 22
106 45 22
106 45 22
106 45 22
106 45 22
106 45 22
107 45 22
107 45 22
107 45 22
107 45 22
107 45 22
107 45 22
107 45 22
107 45 22
107 45 22
107 45 22
107 45 22
107 45 22
107 45 22
107 45 22
107 45 22
107 45 22
107 45 22
107 45 22
107 45 22
107 45 22
107 45 22
107 45 22
107 45 22
107 45 22
108 45 22
108 45 22
108 45 22
108 45 22
108 45 22
108 45 22
108 45 22
108 45 22
108 45 22
108 45 22
108 45 22
108 45 22
108 45 22
108 45 22
108 45 22
108 45 22
108 45 22
108 45 22
108 45 22
108 45 22
108 45 22
109 45 22
109 45 22
109 45 22
109 45 22
109 45 22
109 45 22
109 45 22
109 45 22
109 45 22
109 45 22
109 45 22
109 45 22
109 45 22
109 45 22
109 45 22
109 45 22
109 45 22
109 45 22
109 45 22
103 45 22
103 45 22
103 45 22
103 45 22
103 45 22
103 45 22
103 45 22
103 45 22
103 45 22
103 45 22
103 45 22
103 45 22
103 45 22
103 45 22
103 45 22
103 45 22
103 45 22
103 45 22
103 45 22
103 45 22
103 45 22
103 45 22
103 45 22
103 45 22
103 45 22
103 45 22
103 45 22
102 45 22
102 45 22
102 45 22
102 45 22
102 45 22
102 45 22
102 45 22
102 45 22
102 45 22
102 45 22
102 45 22
102 45 22
102 45 22
102 45 22
102 45 22
102 45 22
102 45 22
102 45 22
102 45 22
102 45 22
102 45 22
102 45 22
102 45 22
102 45 22
102 45 22
102 45 22
102 45 22
101 45 22
101 45 22
101 45 22
101 45 22
101 45 22
101 45 22
101 45 22
101 45 22
101 45 22
101 45 22
101 45 22
101 45 22
101 45 22
101 45 22
101 45 22
101 45 22
101 45 22
101 45 22
101 45 22
101 45 22
101 45 22
101 45 22
101 45 22
101 45 22
101 45 22
101 45 22
101 45 22
100 45 22
100 45 22
100 45 22
100 45 22
100 45 22
100 45 22
100 45 22
100 45 22
100 45 22
100 45 22
100 45 22
100 45 22
100 45 22
100 45 22
100 45 22
100 45 22
100 45 22
100 45 22
100 45 22
100 45 22
100 45 22
100 45 22
100 45 22
100 45 22
100 45 22
100 45 22
99 45 22
99 45 22
99 45 22
99 45 22
99 45 22
99 45 22
99 45 22
99 45 22
99 45 22
99 45 22
99 45 22
99 45 22
99 45 22
99 45 22
99 45 22
99 45 22
99 45 22
99 45 22
99 45 22
99 45 22
99 45 22
99 45 22
99 45 22
99 45 22
99 45 22
99 45 22
99 45 22
98 45 22
98 45 22
98 45 22
98 45 22
98 45 22
98 45 22
98 45 22
98 45 22
98 45 22
98 45 22
98 45 22
98 45 22
98 45 22
98 45 22
98 45 22
98 45 22
98 45 22
98 45 22
98 45 22
98 45 22
98 45 22
98 45 22
98 45 22
98 45 22
98 45 22
98 45 22
98 45 22
98 45 22
